10 0 10 W
9 1 9 W
9 1 8 W
9 1 7 W
9 1 6 W
9 1 5 W
9 1 4 W
9 1 3 W
9 1 2 W
9 1 1 W
9 1 1 L
8 2 8 W
8 2 7 W
8 2 6 W
8 2 5 W
8 2 4 W
8 2 3 W
8 2 2 W
8 2 1 W
8 2 1 L
8 2 2 L
7 3 7 W
7 3 6 W
7 3 5 W
7 3 4 W
7 3 3 W
7 3 2 W
7 3 1 W
7 3 1 L
7 3 2 L
7 3 3 L
6 4 6 W
6 4 5 W
6 4 4 W
6 4 3 W
6 4 2 W
6 4 1 W
6 4 1 L
6 4 2 L
6 4 3 L
6 4 4 L
5 5 5 W
5 5 4 W
5 5 3 W
5 5 2 W
5 5 1 W
5 5 1 L
5 5 2 L
5 5 3 L
5 5 4 L
5 5 5 L
4 6 4 W
4 6 3 W
4 6 2 W
4 6 1 W
4 6 1 L
4 6 2 L
4 6 3 L
4 6 4 L
4 6 5 L
4 6 6 L
3 7 3 W
3 7 2 W
3 7 1 W
3 7 1 L
3 7 2 L
3 7 3 L
3 7 4 L
3 7 5 L
3 7 6 L
3 7 7 L
2 8 2 W
2 8 1 W
2 8 1 L
2 8 2 L
2 8 3 L
2 8 4 L
2 8 5 L
2 8 6 L
2 8 7 L
2 8 8 L
1 9 1 W
1 9 1 L
1 9 2 L
1 9 3 L
1 9 4 L
1 9 5 L
1 9 6 L
1 9 7 L
1 9 8 L
1 9 9 L
0 10 10 L
0 10 11 L
