244
28 4
10 3
10 2
89752 62
148 8
148 7
148 9
190 8
190 7
190 9
250 8
250 7
250 9
292 8
292 7
292 9
346 8
346 7
346 9
418 8
418 7
418 9
430 8
430 7
430 9
556 8
556 7
556 9
586 8
586 7
586 9
640 8
640 7
640 9
700 8
700 7
700 9
718 8
718 7
718 9
796 8
796 7
796 9
820 8
820 7
820 9
838 8
838 7
838 9
928 8
928 7
928 9
1030 8
1030 7
1030 9
1048 8
1048 7
1048 9
1060 8
1060 7
1060 9
1162 8
1162 7
1162 9
1180 8
1180 7
1180 9
1258 8
1258 7
1258 9
1408 8
1408 7
1408 9
1480 8
1480 7
1480 9
1636 8
1636 7
1636 9
1708 8
1708 7
1708 9
1732 8
1732 7
1732 9
1810 8
1810 7
1810 9
1888 8
1888 7
1888 9
2026 8
2026 7
2026 9
2038 8
2038 7
2038 9
2062 8
2062 7
2062 9
2098 8
2098 7
2098 9
2152 8
2152 7
2152 9
2530 8
2530 7
2530 9
2656 8
2656 7
2656 9
2728 8
2728 7
2728 9
2740 8
2740 7
2740 9
2776 8
2776 7
2776 9
2896 8
2896 7
2896 9
2926 8
2926 7
2926 9
3010 8
3010 7
3010 9
3118 8
3118 7
3118 9
3370 8
3370 7
3370 9
3526 8
3526 7
3526 9
3556 8
3556 7
3556 9
3580 8
3580 7
3580 9
3592 8
3592 7
3592 9
3718 8
3718 7
3718 9
3778 8
3778 7
3778 9
3832 8
3832 7
3832 9
3862 8
3862 7
3862 9
4210 8
4210 7
4210 9
4228 8
4228 7
4228 9
4240 8
4240 7
4240 9
4252 8
4252 7
4252 9
4270 8
4270 7
4270 9
4282 8
4282 7
4282 9
4336 8
4336 7
4336 9
4348 8
4348 7
4348 9
4372 8
4372 7
4372 9
4492 8
4492 7
4492 9
4672 8
4672 7
4672 9
4870 8
4870 7
4870 9
4918 8
4918 7
4918 9
4966 8
4966 7
4966 9
5020 8
5020 7
5020 9
5188 8
5188 7
5188 9
5332 8
5332 7
5332 9
5590 8
5590 7
5590 9
5668 8
5668 7
5668 9
5710 8
5710 7
5710 9
5800 8
5800 7
5800 9
5878 8
5878 7
5878 9
6088 8
6088 7
6088 9
6100 8
6100 7
6100 9
210 10
126 12
1846 14
540 16
906 18
1149 20
1251526 62
1464240 60
404772 58
1941888 6
99983928 60
99995170 56
