1024
8037 45813
8593 25089
6766 8672
37337 59374
38713 47111
22323 32883
37198 53936
36959 17686
1621 22413
22606 445
16075 16565
23890 9857
55242 14368
35291 15661
24133 47182
42742 64937
60227 18567
24491 1459
27239 29060
28065 417
43404 50388
533 47834
6022 4724
65521 40410
27138 22592
8087 43213
39158 64744
20302 61632
13578 55594
44525 37711
4473 21733
37114 64700
40300 28837
624 34772
25130 61457
2421 2999
46310 35721
50833 19564
40446 18051
59974 34816
40644 2526
45261 47034
1736 28
10363 48081
22854 54889
20257 27327
11087 24603
59260 18619
20673 27116
53391 45803
23038 55813
16034 36581
25999 34099
56145 910
52151 50585
2958 60027
20343 48219
41526 54846
48248 19121
37392 5567
8475 24882
32895 52329
49485 59387
5414 37390
20968 58805
50425 44007
16315 924
15053 42315
35024 38430
10457 21640
56247 46183
16132 11056
28867 24890
33134 11580
44011 4992
17148 19719
29874 17275
6513 46591
11127 44694
51214 64862
5197 36104
43334 21512
37029 25619
31059 39285
31282 8749
60925 21994
54932 44289
282 18264
36411 33417
62612 14887
5641 14225
1838 2747
64267 8352
49338 9859
20278 35017
9186 25475
5587 19753
46988 9848
12604 45279
49133 11118
21260 11755
33113 10657
56044 627
61689 26920
1276 58766
9039 6917
40223 10878
9664 38955
51997 26235
16046 6740
28484 57999
32216 34071
44984 46436
11151 57589
58947 60284
35939 14673
6504 36284
58097 29780
36912 21483
23932 5420
47481 204
45105 22169
11082 54769
28356 30311
48236 11634
37051 11186
4099 36499
12489 49083
50167 23641
8369 43580
51157 11541
25485 24894
47825 50814
21906 19202
6763 45839
24623 54244
46043 4193
43646 24357
26194 6467
21900 41663
50869 26183
52849 54968
62683 32570
5748 14547
56211 46885
25359 9066
58426 18076
33960 40716
3356 55866
27151 10119
3402 19006
31595 49445
55966 9706
41034 16625
48941 62934
25520 34275
23583 12834
56475 53498
45405 62223
35277 3313
10805 60637
12379 3696
13178 46339
11645 16534
3903 38796
59420 7305
25034 25481
23983 15465
35187 32249
64857 18593
62416 24843
20100 20464
4909 11040
41194 17546
40496 10936
20860 51301
38805 471
22230 51984
14043 33875
35750 17946
39903 29636
58018 64937
55117 16466
14867 57536
15948 46956
43362 12829
6264 63462
525 11174
41735 41719
61487 16696
19887 16812
2462 58693
50051 24692
12374 64094
25799 48124
49272 32934
12225 8987
32336 34574
58221 14435
59343 8634
61392 37170
21463 34888
2329 54755
13294 44064
30939 9247
60760 18058
58826 30455
43983 43342
22379 56357
9133 15411
38947 25637
48345 18404
34625 15147
52979 60078
62349 14019
3177 25438
51189 57407
60327 20750
46627 40853
64815 44798
50100 27272
62856 10624
24959 41305
21198 47339
64894 30332
62750 38306
23201 45560
23943 25058
27939 44154
19601 57521
58173 55545
17424 43827
14649 44983
64577 61276
20302 31089
7771 4867
58362 37860
48258 50553
13630 3922
32357 45756
34254 62339
18528 24687
9597 42471
16978 4768
21090 36579
62289 13728
59357 46946
24787 8471
26394 56596
36980 46696
22151 44751
18796 47745
17076 1519
32763 63473
38208 32353
43695 39694
61924 29455
64382 38753
39158 15825
43522 60248
19636 7508
41208 46225
21686 33227
54697 48081
57055 58909
62009 13671
38125 48037
28648 55202
16789 28644
20372 54997
28229 64067
29157 57385
27987 60771
30604 1610
11061 41358
29090 63464
16098 37530
44155 37785
37989 549
20331 29510
59458 49572
10413 64815
64842 39062
54482 16096
34938 42087
38325 63167
40619 1947
55017 35839
29950 20086
4681 41011
28676 1004
6173 44775
5766 17560
17025 10988
18109 4588
40498 44799
21392 50911
44079 20699
57205 259
4027 26608
42346 42353
57007 50197
11532 46490
53268 41483
33808 57950
49726 62485
26186 23131
8957 31952
40691 58749
42940 26032
30569 50670
38063 51961
3279 16608
39893 60484
49634 43920
54325 26445
20738 45797
43874 65038
59519 31608
40986 27793
56790 57944
57510 17441
15541 33699
16625 23464
26913 26798
49497 57482
11933 22025
11140 47979
5865 51033
42929 55499
29419 64486
49176 17389
44748 27516
16892 38733
26356 25110
33758 17611
50287 25733
2284 293
26664 18909
56524 53577
12939 40486
12756 57640
29744 23896
40084 2841
9395 50245
58341 6046
49196 41982
23435 61177
36730 7560
1607 63086
65437 2597
47929 50189
28330 50213
17714 54994
36355 8704
10268 16526
16422 23024
8631 13398
14152 15948
16240 23547
658 9046
29593 17087
18260 20261
45496 22223
27821 14335
19774 27723
16932 34936
45145 12494
19614 62859
34720 23201
6028 44988
39728 55218
35244 15591
3081 49396
31539 19321
40176 32198
61134 37001
16517 46627
57262 29245
3315 52315
43580 55856
47271 60512
25257 26881
7471 12104
56972 42191
35305 30233
54411 9498
19916 24120
25090 55764
40748 23861
9551 15389
23291 37917
52391 39808
19009 11350
3518 55091
30898 14330
45413 12634
9307 5135
6747 16778
50006 63719
26201 19777
28417 15077
62042 15565
39197 54364
5795 14411
12691 48113
62567 3214
53262 16655
43023 6737
28006 13773
29060 26136
28104 8938
38770 4643
46841 12749
54189 31312
10933 14855
18321 6583
62700 47596
54915 3594
36425 60710
50772 16348
10520 47805
19563 63783
64460 29818
4985 59698
10823 34045
20299 6159
10216 26301
10803 24289
39050 64992
55601 17216
47079 41155
56566 44244
23216 45946
47839 26873
41122 33076
43222 51642
15346 30017
49890 47039
27067 22107
41202 37890
23385 28734
44050 833
55035 54853
25122 61318
21542 15188
12999 3086
23575 4030
47331 46791
49976 62402
8130 58330
29943 18584
11670 12522
15833 28792
59561 42900
50900 2460
48022 41517
31194 26537
42350 53462
48622 1937
49245 37396
49892 62244
7715 7933
33506 22278
21956 50714
19145 62853
43510 16320
48669 22412
28842 64502
51204 55635
9099 36569
25328 57122
45318 23754
50891 22133
11681 1211
24070 60926
38607 41195
24867 46322
49128 25605
3065 38316
10785 54977
35635 21527
5763 18769
11171 34605
17737 62375
57473 59603
642 17266
51190 45960
41020 3779
35326 19934
4990 26628
48092 10829
2288 40192
57152 18648
262 27449
56965 43814
16892 27065
32573 55422
13066 43744
57259 63570
7817 49197
57639 8459
928 10526
21651 9181
14305 56977
29115 19295
18071 11672
30125 53126
19096 54509
6240 19359
49190 63205
30405 547
57502 62979
23201 5033
8420 14926
3069 16237
64123 27940
57463 32284
38466 13580
8697 52772
37789 37812
39299 23092
16716 36656
10684 35813
25630 16924
22404 9286
47361 52809
42600 6560
17485 267
44360 25906
15193 14661
42143 46548
42601 1304
13297 15533
14884 21994
35537 19905
27038 9301
42998 10987
13190 53682
14032 38820
37838 36436
15338 52431
56477 25171
26223 8428
58205 5048
34334 40630
52477 43709
21643 29543
45013 2173
12308 27129
56934 15077
47035 18438
57146 24498
62192 4801
45412 10689
43621 50482
14357 26192
37378 5299
51363 63601
13727 44033
35881 15293
19128 22823
59003 8003
19599 5713
10176 31907
75 1576
14217 47110
52781 5828
38840 49438
10629 18717
27359 21482
3664 41716
14906 8274
14247 734
39107 60742
11999 9453
10500 63894
65044 36735
6363 19108
9681 16539
18247 9756
50882 32464
56866 38128
5524 30171
54798 48920
16120 49389
37635 52551
25570 52541
60825 7050
20508 34397
2257 65274
11082 12757
63634 10591
16725 4462
62466 26406
53768 15179
36162 39116
14875 60260
44476 20400
57663 972
36552 8248
50361 8652
28031 43164
61194 56088
50214 48934
24950 19703
48673 3264
32460 46772
46623 16417
18466 43554
42823 6700
25965 46217
13048 40841
40942 24756
28473 302
58495 65025
41317 43322
8143 3813
53718 36569
59901 38397
19968 52083
25332 3106
22580 57792
17111 3668
41442 35577
14454 18730
9509 40420
32180 22557
48493 40354
14546 11431
40657 7506
43688 16439
50828 19063
53020 6243
22864 14618
11872 42832
1167 37204
13171 23747
62229 30282
60182 38136
33091 9101
24098 42601
49521 56278
65158 32479
31098 46936
11142 38987
54443 54831
22658 6968
41126 42910
13212 63991
57529 25084
8520 25928
62289 21691
49675 58983
19205 11554
64351 52297
20655 22914
29363 37409
13658 61753
37120 11988
43155 48263
18207 64830
4791 8097
6263 45917
51008 52242
11605 43002
44559 20126
3395 8545
9049 20302
34760 28255
31856 33576
47784 19743
56490 11612
57152 37380
40597 28738
49368 50984
44233 34807
50279 16256
42905 23775
29405 28378
10482 41011
38612 55041
28369 9239
30818 37418
29541 43
32905 28629
33619 15154
15604 24575
59533 39989
61955 34596
35959 13021
20045 14657
15060 4790
30913 25197
61332 60318
53575 6279
3026 59419
28553 31395
3123 59371
3279 65431
59415 36184
61292 60266
18571 11362
19306 12569
51351 48494
47165 21775
28747 34443
3664 11039
6465 1809
36237 2262
29359 57044
8541 32386
50929 4326
31013 54052
63698 34292
21181 24810
37709 16938
19541 56280
28300 6080
36081 46883
21806 17712
35890 17785
19387 39554
28824 25852
8595 65061
28114 37955
23803 3887
37573 9197
8214 3051
30481 39144
4576 51662
31186 9517
3066 17959
33029 64133
24039 3575
45482 13077
54054 48604
30862 7906
55391 26919
33758 63986
59212 29104
3638 17480
32992 8443
26677 41206
44262 24391
14815 16070
10518 13233
25587 46351
31192 25848
12182 55232
62190 24896
35541 17942
7965 33636
25848 63356
60555 26839
29040 21464
23175 65445
38945 56167
8354 32854
64605 19848
57245 46652
35918 34996
59885 28737
48579 25543
54585 27993
48007 18472
52889 18013
36414 28087
51649 29495
25908 13901
23566 22180
35366 46741
22091 41543
37374 63212
8862 36444
17525 33340
17562 53443
35568 44679
16645 18612
4687 38462
46606 52694
56934 1192
37940 27814
29279 56821
57309 22420
37955 15340
44600 7786
29313 33923
16561 1152
31600 58190
4829 16357
25995 55158
4265 61563
34302 53677
47408 6222
59371 61246
58916 50771
62438 64088
45817 58950
55375 4823
15835 27795
52930 60435
2813 16708
61591 52141
50628 27656
44796 55457
44014 5257
12312 15511
34052 13846
36421 15925
20068 30257
44403 13450
48260 41307
44770 28542
1954 34610
33365 17789
29637 20760
45456 65217
37469 41512
51823 55329
36401 31085
12483 47647
3574 24795
30390 37626
38641 1276
20784 58710
31534 32419
39392 14259
40958 18627
10034 42912
20470 43399
60701 17339
31392 40623
17022 36093
49367 36077
25887 20233
1627 38370
35112 37968
63165 65503
10060 3503
1244 63611
29445 10
30495 36069
47037 5919
21929 57071
48831 42399
2167 11230
26970 33559
51853 43992
4117 2917
47302 62771
23151 48929
35606 58263
54130 33236
58231 31422
3972 26708
29498 33417
59485 27225
36719 40987
376 58648
65290 16440
2744 34690
27670 29714
35481 46755
40939 6831
16904 22706
4067 40055
38867 39674
16 27462
40142 25479
26116 44114
52187 22846
44764 13370
50072 15948
21589 17680
41828 21345
1352 44572
23267 29022
41518 58748
43009 16922
32811 59914
6860 36879
1666 12960
43785 34449
7654 18392
59929 33771
29739 13813
56617 41735
27183 41154
24915 48773
26067 1208
37350 27419
13012 27849
23674 54530
21062 33915
5918 21106
61061 45545
57985 62728
58505 36235
64409 625
21859 58803
34396 51598
39849 58245
60565 1497
1097 19945
17502 27164
53920 22084
54583 1397
49933 45489
55928 38228
13870 29078
59334 9396
41855 19016
39356 34826
55251 38231
2683 44342
64266 4311
63173 38580
62556 58203
7310 63653
45381 57579
58049 33766
14129 47098
35164 31294
59819 58324
36754 40921
54634 63320
50318 30954
16801 56906
33012 39284
62369 2927
18092 28333
7238 15730
1378 4260
41165 41455
35145 21011
33500 27660
54778 14861
41990 57174
13387 36274
17195 50142
11661 39061
15159 29211
4480 31961
53349 4725
5710 50184
7652 56569
12982 14891
39531 47127
51918 15162
23048 21528
36173 23780
16420 58183
5873 58410
17054 19260
61917 34249
36634 40810
7775 51794
4486 45023
18220 25067
49748 56697
42483 57400
14964 55465
39523 54495
4290 58673
4122 60105
14667 7528
18350 63854
176 24223
56730 17231
10715 20344
18712 47350
61154 26488
33609 32872
5976 19061
57939 22956
42990 34888
47588 57954
57585 21577
46915 61875
14715 18269
56445 62149
25797 42027
60469 58741
33482 18896
10437 44198
6472 29149
26013 2091
22869 26854
34963 61612
45915 60134
19033 23370
29487 33854
15790 21538
22663 29937
50645 37378
15438 8788
1225 8468
50815 28926
1674 51530
15054 44878
30193 21526
41259 23438
23617 64129
50292 25812
27438 63439
20411 13704
21274 17131
47558 4296
38669 4686
1465 56546
9296 16904
65334 43288
25372 17847
6679 27046
3842 54500
39156 1267
10491 14880
24705 1340
46241 42229
27152 8145
40133 14796
21849 28639
31927 36639
