53
3 0 3 4
50 0 53 60
0 10 0 20
7 50 5 55
46 74 22 42
71 18 34 90
14 1 12 66
80 57 67 11
2 90 37 11
44 66 32 33
34 20 10 89
94 39 100 27
38 63 9 61
87 43 65 55
51 22 61 68
25 97 12 14
35 81 26 32
58 51 70 66
83 6 72 58
36 97 41 17
64 91 66 13
52 45 90 92
30 95 85 61
23 60 80 28
51 41 13 45
27 64 34 30
69 89 38 23
52 4 79 59
91 10 32 46
4 66 94 95
86 75 59 62
71 87 79 27
16 52 85 90
86 48 39 6
22 57 54 24
21 34 52 90
43 60 96 25
95 30 5 61
66 23 73 81
36 81 13 3
86 23 26 29
58 55 47 36
9 30 96 82
89 17 78 66
29 32 32 98
20 64 9 6
97 68 55 59
12 12 4 88
31 61 54 76
97 21 4 91
43 38 16 41
75 24 10 23
6 42 31 72
