10
3
0 1 2 0 2 1 0
2 10:00 1 11:00 0 12:00
4
3 3 3 0 3 3 3 0 0 0 3 0 0 0 2 1
3 45:13 0 45:14 2 75:32 1 99:59
1
0 0 0
0 10:00
2
1 0 0 0
1 0:01 0 1:00
2
0 1
0 10:00 1 10:01
2
0 1
0 10:00 1 10:01
100
0 1 2 3 4 5 6 7 8 9 10 11 12 13 14 15 16 17 18 19 20 21 22 23 24 25 26 27 28 29 30 31 32 33 34 35 36 37 38 39 40 41 42 43 44 45 46 47 48 49 50 51 52 53 54 55 56 57 58 59 60 61 62 63 64 65 66 67 68 69 70 71 72 73 74 75 76 77 78 79 80 81 82 83 84 85 86 87 88 89 90 91 92 93 94 95 96 97 98 99
0 0:01 1 1:01 2 2:01 3 3:01 4 4:01 5 5:01 6 6:01 7 7:01 8 8:01 9 9:01 10 10:01 11 11:01 12 12:01 13 13:01 14 14:01 15 15:01 16 16:01 17 17:01 18 18:01 19 19:01 20 20:01 21 21:01 22 22:01 23 23:01 24 24:01 25 25:01 26 26:01 27 27:01 28 28:01 29 29:01 30 30:01 31 31:01 32 32:01 33 33:01 34 34:01 35 35:01 36 36:01 37 37:01 38 38:01 39 39:01 40 40:01 41 41:01 42 42:01 43 43:01 44 44:01 45 45:01 46 46:01 47 47:01 48 48:01 49 49:01 50 50:01 51 51:01 52 52:01 53 53:01 54 54:01 55 55:01 56 56:01 57 57:01 58 58:01 59 59:01 60 60:01 61 61:01 62 62:01 63 63:01 64 64:01 65 65:01 66 66:01 67 67:01 68 68:01 69 69:01 70 70:01 71 71:01 72 72:01 73 73:01 74 74:01 75 75:01 76 76:01 77 77:01 78 78:01 79 79:01 80 80:01 81 81:01 82 82:01 83 83:01 84 84:01 85 85:01 86 86:01 87 87:01 88 88:01 89 89:01 90 90:01 91 91:01 92 92:01 93 93:01 94 94:01 95 95:01 96 96:01 97 97:01 98 98:01 99 99:01
10
8 3 4 0 8 3 6 8 5 2 1 8 3 6 2 7 9 4 7 5 7 6 1 0 2 4 8 0 6 5 0 3 1 4 4 6 2 0 4 5 3 8 2 3 7 3 0 9 3 8 2 4 1 9 6 2 4 3 2 1 5 5 8 4 1 0 2 4 2 3 4 7 5 2 9 6 4 5 1 3 1 7 7 3 6 2 1 0 9 9 4 3 8 3 1 4 8 5 9 5 6 6 4 0 1 1 4 7 8 3 0 7 3 3 7 0 8 5 1 9 7 0 7 9 1 7 0 1 1 6 9 0 1 0 8 1 1 4 3 7 4 2 9 1 5 2 0 4 2 5 3 6 6 3 5 8 0 5 6 7 9 7 1 8 6 9 1 2 3 7 5 3 7 6 2 4 2 0 7 7 0 9 5 2 1 7 4 0 1 0 0 7 2 5 2 6 9 4 8 4 8 7 3 3 6 7 9 4 8 9 1 3 8 2 6 2 7 6 4 2 9 1 9 1 9 8 5 4 1 9 0 6 9 2 1 4 6 2 1 3 9 0 6 9 2 3 1 9 1 4 0 0 4 1 3 6 7 0 7 2 2 4 9 2 9 6 5 2 9 8 9 9 3 6 1 7 8 9 5 3 7 6 5 5 8 3 8 4 2 1 9 8 0 6 3 3 3 3 0 8 9 4 7 2 0 5 4 2 5 8 5 8 2 9 7 6 2 3 3 4 0 6 6 2 2 9 3 3 3 9 7 8 0 3 3 2 4 4 9 3 8 3 4 1 2 7 2 9 7 4 4 1 7 7 3 9 5 5 5 7 9 4 2 8 8 6 5 9 3 1 9 8 0 6 6 2 2 4 1 9 3 4 9 5 7 5 6 2 3 3 9 4 5 3 2 9 8 5 6 5 8 0 9 7 6 0 5 8 5 9 5 6 3 5 2 9 4 1 2 0 0 8 6 3 2 2 4 5 1 1 9 3 5 2 1 4 7 4 4 7 8 4 9 2 3 9 7 9 7 2 8 1 5 6 3 1 7 5 6 8 1 4 6 2 3 4 7 1 0 2 3 1 3 1 9 8 5 3 9 5 8 5 8 0 6 9 9 1 5 6 3 4 8 4 3 8 8 2 6 4
7 7:33 0 17:07 9 18:50 1 48:27 5 50:56 3 52:29 8 59:07 2 74:00 6 79:16 4 83:39
10
9 7 6 0 3 6 1 4 4 0 9 3 8 6 9 9 6 7 6 0 4 5 8 8 8 3 3 2 3 8 7 0 4 8 6 1 1 4 0 8 2 6 9 9 3 2 4 4 9 5 5 0 8 6 2 5 8 1 8 7 4 8 7 1 3 7 8 0 0 1 1 8 0 1 7 7 3 6 3 0 9 4 3 8 8 2 4 1 5 7 4 0 7 8 6 8 2 6 4 0 3 9 3 4 7 7 1 5 0 7 3 1 4 1 1 0 7 8 8 3 3 3 8 5 2 6 3 2 6 6 0 4 5 3 8 8 6 1 2 5 4 6 2 9 3 1 7 3 7 5 4 0 4 0 8 9 0 0 0 1 6 4 2 5 9 9 4 7 5 0 3 3 3 9 3 6 7 8 9 2 3 1 5 6 0 6 9 5 1 6 3 2 3 7 8 0 0 8 7 9 3 2 0 8 6 0 6 9 6 5 4 8 0 5 2 4 7 2 9 5 6 4 2 1 5 4 4 6 7 0 4 6 5 9 7 7 8 9 0 5 6 2 7 1 1 1 7 4 6 7 1 0 1 9 1 1 8 7 1 3 0 9 4 5 2 6 4 4 1 8 2 8 9 2 6 0 3 8 8 7 1 8 4 4 4 2 8 9 3 3 3 5 2 1 9 9 1 1 2 6 4 6 0 0 1 6 4 0 0 2 0 8 3 6 2 7 3 1 8 4 6 3 2 6 2 6 6 7 4 4 5 4 5 6 5 8 9 3 0 0 6 6 6 6 2 7 0 6 0 5 6 6 0 7 2 9 4 3 3 9 6 4 3 9 5 8 5 8 7 3 7 8 8 8 4 1 2 4 8 1 1 5 3 0 1 5 2 6 6 1 9 0 1 1 2 5 0 9 0 6 9 2 3 3 2 7 4 3 5 1 8 6 6 8 1 9 0 7 9 1 0 0 5 0 9 0 7 2 4 1 4 0 6 8 0 0 9 0 8 3 5 3 6 7 7 2 9 4 9 3 9 9 5 6 8 0 5 9 2 2 1 6 4 5 8 7 8 9 0 0 8 3 1 9 0 5 3 9 8 0 1 8 0 2 0 4 0 4 3 5 5 2 5 4 7 9 5 0 2 9
6 22:58 1 38:14 8 68:59 3 70:41 4 71:41 7 78:59 5 83:51 0 91:37 2 94:54 9 99:58
10
3 4 0 4 9 2 2 2 3 8 9 2 8 0 2 7 4 4 5 0 6 8 7 4 3 4 6 5 8 7 7 9 8 5 3 9 6 2 6 1 0 1 6 8 9 8 7 9 4 3 5 6 0 4 7 0 7 8 8 9 7 4 4 3 6 6 8 5 0 6 8 6 9 1 1 2 2 8 2 4 9 9 9 8 3 6 2 2 2 6 8 5 0 3 0 1 5 7 9 9 7 4 5 4 8 3 9 4 1 1 5 2 5 7 3 5 6 7 4 0 3 1 5 0 8 5 8 7 7 9 8 7 8 3 4 8 2 1 7 1 8 9 4 5 2 8 1 8 7 5 5 7 3 9 1 8 6 9 9 8 4 7 6 6 9 6 5 0 6 5 7 1 9 9 8 6 4 2 1 8 6 5 2 8 5 5 6 6 0 0 1 3 8 4 6 5 3 8 7 4 6 9 0 3 8 8 2 3 3 5 3 8 5 9 7 6 5 5 8 3 1 4 9 4 1 3 2 5 7 5 8 3 4 5 5 2 2 7 4 1 5 4 1 7 0 0 9 8 3 3 2 3 1 6 1 4 7 9 4 4 8 9 9 5 7 5 8 0 6 7 1 0 8 2 3 7 6 9 4 2 7 5 1 2 7 5 3 8 1 6 0 6 6 7 8 3 9 5 6 2 1 5 5 5 2 9 1 8 3 8 1 2 8 9 7 6 0 7 4 6 8 4 2 7 7 4 7 5 1 4 0 9 6 9 9 3 3 5 3 2 2 8 6 6 5 2 4 3 7 5 1 3 6 5 3 7 3 4 3 4 7 3 1 0 2 1 2 0 6 3 0 6 8 2 9 4 2 9 5 1 9 9 2 8 3 9 9 6 3 2 4 5 4 3 2 9 7 4 6 3 2 5 6 7 4 9 8 3 0 6 5 9 6 0 5 7 9 8 7 8 5 0 2 1 2 1 8 5 9 7 5 6 4 2 3 7 7 2 1 5 9 3 8 1 5 2 5 0 8 7 4 0 5 4 4 3 6 3 4 5 0 9 3 1 9 0 6 7 0 8 9 7 3 1 0 1 0 1 3 6 9 4 7 5 9 8 4 4 0 8 0 0 0 6 2 4 8 4 3 7
1 7:47 5 8:03 9 9:36 0 35:10 6 41:54 2 47:26 8 49:06 4 55:09 3 82:49 7 91:42
