13
4 5 0 100
0 1 90
0 2 50
0 3 30
1 2 80
2 3 70
5 5 0 100
0 1 100
1 2 90
2 3 90
3 1 90
3 4 80
2 1 0 100
0 1 100
3 2 1 90
0 1 90
0 2 80
4 3 0 100
0 1 100
1 2 90
2 3 80
5 4 0 100
0 1 100
1 2 90
2 3 90
3 4 80
4 3 0 100
0 1 100
1 2 90
2 3 70
5 4 4 100
3 4 100
2 3 90
1 2 90
0 2 80
5 4 4 100
3 4 100
2 3 90
1 2 80
0 2 70
5 5 0 100
0 1 100
1 2 90
1 3 100
3 4 100
4 0 100
6 7 5 110
0 1 100
1 2 90
2 3 90
1 4 100
3 4 80
4 5 100
0 5 100
11 19 5 110
0 1 90
0 2 80
0 3 70
1 2 90
1 5 100
1 6 70
2 3 80
2 6 40
2 7 50
3 4 60
3 7 60
3 8 40
4 8 50
5 6 100
6 7 10
6 9 30
6 10 10
7 8 30
7 10 10
501 500 0 5000
0 1 5000
1 2 4990
2 3 4980
3 4 4970
4 5 4960
5 6 4950
6 7 4940
7 8 4930
8 9 4920
9 10 4910
10 11 4900
11 12 4890
12 13 4880
13 14 4870
14 15 4860
15 16 4850
16 17 4840
17 18 4830
18 19 4820
19 20 4810
20 21 4800
21 22 4790
22 23 4780
23 24 4770
24 25 4760
25 26 4750
26 27 4740
27 28 4730
28 29 4720
29 30 4710
30 31 4700
31 32 4690
32 33 4680
33 34 4670
34 35 4660
35 36 4650
36 37 4640
37 38 4630
38 39 4620
39 40 4610
40 41 4600
41 42 4590
42 43 4580
43 44 4570
44 45 4560
45 46 4550
46 47 4540
47 48 4530
48 49 4520
49 50 4510
50 51 4500
51 52 4490
52 53 4480
53 54 4470
54 55 4460
55 56 4450
56 57 4440
57 58 4430
58 59 4420
59 60 4410
60 61 4400
61 62 4390
62 63 4380
63 64 4370
64 65 4360
65 66 4350
66 67 4340
67 68 4330
68 69 4320
69 70 4310
70 71 4300
71 72 4290
72 73 4280
73 74 4270
74 75 4260
75 76 4250
76 77 4240
77 78 4230
78 79 4220
79 80 4210
80 81 4200
81 82 4190
82 83 4180
83 84 4170
84 85 4160
85 86 4150
86 87 4140
87 88 4130
88 89 4120
89 90 4110
90 91 4100
91 92 4090
92 93 4080
93 94 4070
94 95 4060
95 96 4050
96 97 4040
97 98 4030
98 99 4020
99 100 4010
100 101 4000
101 102 3990
102 103 3980
103 104 3970
104 105 3960
105 106 3950
106 107 3940
107 108 3930
108 109 3920
109 110 3910
110 111 3900
111 112 3890
112 113 3880
113 114 3870
114 115 3860
115 116 3850
116 117 3840
117 118 3830
118 119 3820
119 120 3810
120 121 3800
121 122 3790
122 123 3780
123 124 3770
124 125 3760
125 126 3750
126 127 3740
127 128 3730
128 129 3720
129 130 3710
130 131 3700
131 132 3690
132 133 3680
133 134 3670
134 135 3660
135 136 3650
136 137 3640
137 138 3630
138 139 3620
139 140 3610
140 141 3600
141 142 3590
142 143 3580
143 144 3570
144 145 3560
145 146 3550
146 147 3540
147 148 3530
148 149 3520
149 150 3510
150 151 3500
151 152 3490
152 153 3480
153 154 3470
154 155 3460
155 156 3450
156 157 3440
157 158 3430
158 159 3420
159 160 3410
160 161 3400
161 162 3390
162 163 3380
163 164 3370
164 165 3360
165 166 3350
166 167 3340
167 168 3330
168 169 3320
169 170 3310
170 171 3300
171 172 3290
172 173 3280
173 174 3270
174 175 3260
175 176 3250
176 177 3240
177 178 3230
178 179 3220
179 180 3210
180 181 3200
181 182 3190
182 183 3180
183 184 3170
184 185 3160
185 186 3150
186 187 3140
187 188 3130
188 189 3120
189 190 3110
190 191 3100
191 192 3090
192 193 3080
193 194 3070
194 195 3060
195 196 3050
196 197 3040
197 198 3030
198 199 3020
199 200 3010
200 201 3000
201 202 2990
202 203 2980
203 204 2970
204 205 2960
205 206 2950
206 207 2940
207 208 2930
208 209 2920
209 210 2910
210 211 2900
211 212 2890
212 213 2880
213 214 2870
214 215 2860
215 216 2850
216 217 2840
217 218 2830
218 219 2820
219 220 2810
220 221 2800
221 222 2790
222 223 2780
223 224 2770
224 225 2760
225 226 2750
226 227 2740
227 228 2730
228 229 2720
229 230 2710
230 231 2700
231 232 2690
232 233 2680
233 234 2670
234 235 2660
235 236 2650
236 237 2640
237 238 2630
238 239 2620
239 240 2610
240 241 2600
241 242 2590
242 243 2580
243 244 2570
244 245 2560
245 246 2550
246 247 2540
247 248 2530
248 249 2520
249 250 2510
250 251 2500
251 252 2490
252 253 2480
253 254 2470
254 255 2460
255 256 2450
256 257 2440
257 258 2430
258 259 2420
259 260 2410
260 261 2400
261 262 2390
262 263 2380
263 264 2370
264 265 2360
265 266 2350
266 267 2340
267 268 2330
268 269 2320
269 270 2310
270 271 2300
271 272 2290
272 273 2280
273 274 2270
274 275 2260
275 276 2250
276 277 2240
277 278 2230
278 279 2220
279 280 2210
280 281 2200
281 282 2190
282 283 2180
283 284 2170
284 285 2160
285 286 2150
286 287 2140
287 288 2130
288 289 2120
289 290 2110
290 291 2100
291 292 2090
292 293 2080
293 294 2070
294 295 2060
295 296 2050
296 297 2040
297 298 2030
298 299 2020
299 300 2010
300 301 2000
301 302 1990
302 303 1980
303 304 1970
304 305 1960
305 306 1950
306 307 1940
307 308 1930
308 309 1920
309 310 1910
310 311 1900
311 312 1890
312 313 1880
313 314 1870
314 315 1860
315 316 1850
316 317 1840
317 318 1830
318 319 1820
319 320 1810
320 321 1800
321 322 1790
322 323 1780
323 324 1770
324 325 1760
325 326 1750
326 327 1740
327 328 1730
328 329 1720
329 330 1710
330 331 1700
331 332 1690
332 333 1680
333 334 1670
334 335 1660
335 336 1650
336 337 1640
337 338 1630
338 339 1620
339 340 1610
340 341 1600
341 342 1590
342 343 1580
343 344 1570
344 345 1560
345 346 1550
346 347 1540
347 348 1530
348 349 1520
349 350 1510
350 351 1500
351 352 1490
352 353 1480
353 354 1470
354 355 1460
355 356 1450
356 357 1440
357 358 1430
358 359 1420
359 360 1410
360 361 1400
361 362 1390
362 363 1380
363 364 1370
364 365 1360
365 366 1350
366 367 1340
367 368 1330
368 369 1320
369 370 1310
370 371 1300
371 372 1290
372 373 1280
373 374 1270
374 375 1260
375 376 1250
376 377 1240
377 378 1230
378 379 1220
379 380 1210
380 381 1200
381 382 1190
382 383 1180
383 384 1170
384 385 1160
385 386 1150
386 387 1140
387 388 1130
388 389 1120
389 390 1110
390 391 1100
391 392 1090
392 393 1080
393 394 1070
394 395 1060
395 396 1050
396 397 1040
397 398 1030
398 399 1020
399 400 1010
400 401 1000
401 402 990
402 403 980
403 404 970
404 405 960
405 406 950
406 407 940
407 408 930
408 409 920
409 410 910
410 411 900
411 412 890
412 413 880
413 414 870
414 415 860
415 416 850
416 417 840
417 418 830
418 419 820
419 420 810
420 421 800
421 422 790
422 423 780
423 424 770
424 425 760
425 426 750
426 427 740
427 428 730
428 429 720
429 430 710
430 431 700
431 432 690
432 433 680
433 434 670
434 435 660
435 436 650
436 437 640
437 438 630
438 439 620
439 440 610
440 441 600
441 442 590
442 443 580
443 444 570
444 445 560
445 446 550
446 447 540
447 448 530
448 449 520
449 450 510
450 451 500
451 452 490
452 453 480
453 454 470
454 455 460
455 456 450
456 457 440
457 458 430
458 459 420
459 460 410
460 461 400
461 462 390
462 463 380
463 464 370
464 465 360
465 466 350
466 467 340
467 468 330
468 469 320
469 470 310
470 471 300
471 472 290
472 473 280
473 474 270
474 475 260
475 476 250
476 477 240
477 478 230
478 479 220
479 480 210
480 481 200
481 482 190
482 483 180
483 484 170
484 485 160
485 486 150
486 487 140
487 488 130
488 489 120
489 490 110
490 491 100
491 492 90
492 493 80
493 494 70
494 495 60
495 496 50
496 497 40
497 498 30
498 499 20
499 500 10
