3
0 0 0
0 1 1
0 0 0
4
1 1 0 0
1 0 0 3
2 1 1 1
0 0 0 2
5
0 0 0 0 0
0 0 0 0 0
0 0 0 0 0
0 0 0 0 0
0 0 0 0 0
5
0 0 0 0 0
0 0 0 0 0
0 0 1 0 0
0 0 1 0 0
0 0 0 0 0
5
1 0 0 0 0
1 1 0 0 0
0 0 0 0 0
0 0 0 1 1
0 0 0 0 1
5
1 0 0 0 0
1 1 0 0 0
0 1 1 0 0
0 0 1 1 0
0 0 0 1 1
5
0 0 1 0 0
0 0 1 0 0
1 1 1 3 0
0 1 2 1 1
0 0 0 1 0
25
16 7 10 2 3 4 5 0 5 13 3 2 0 11 0 19 10 18 13 13 9 14 12 17 7
7 2 5 18 0 15 14 18 16 0 11 14 5 7 0 9 13 5 5 17 16 19 11 18 13
4 19 14 18 19 5 5 5 4 12 16 10 9 7 12 10 15 10 12 0 14 14 17 13 15
4 2 17 6 1 11 2 2 3 3 2 18 8 6 0 7 17 14 11 13 15 12 16 14 17
1 18 9 17 3 16 7 11 10 12 3 15 6 11 12 5 11 15 11 6 15 2 14 13 8
12 17 12 8 6 19 6 5 19 17 13 16 0 7 8 1 10 10 12 14 1 7 16 11 18
12 5 11 3 4 19 5 13 17 3 0 5 13 11 9 18 7 6 15 12 7 0 6 18 4
19 14 4 16 3 17 13 9 2 5 3 14 8 19 0 13 13 18 0 2 18 14 15 7 5
9 10 2 15 3 10 16 14 16 4 14 18 17 12 15 18 13 2 16 16 10 10 12 12 1
9 9 10 15 6 4 14 15 17 11 19 14 18 11 0 17 16 7 3 14 5 15 18 1 6
11 5 3 19 1 9 15 9 12 0 2 7 1 2 14 2 16 1 4 16 3 7 0 17 5
5 4 6 15 6 17 13 13 17 3 11 7 15 6 0 8 12 17 4 17 6 13 17 16 4
19 10 16 3 9 16 0 17 14 5 9 13 14 6 4 2 17 7 16 14 8 19 3 16 10
1 1 3 19 16 9 9 6 5 3 5 12 19 9 9 18 13 10 0 6 17 10 0 8 10
9 9 11 5 17 10 1 8 14 17 0 12 7 5 6 16 0 1 14 19 8 18 18 10 10
11 3 18 5 16 18 16 4 12 6 8 16 16 13 8 8 8 3 16 18 18 18 13 7 3
0 4 11 14 2 17 2 17 17 5 3 4 2 1 8 11 2 15 17 19 15 10 18 19 10
14 19 19 15 10 6 13 10 5 8 7 18 18 13 10 11 12 2 19 8 11 2 19 18 1
18 1 18 8 9 5 18 9 19 10 19 15 18 11 18 3 4 17 18 13 4 6 4 14 16
18 14 7 12 1 12 17 6 8 14 19 4 19 16 10 15 15 3 14 3 4 10 19 18 3
14 6 11 13 6 17 17 18 9 13 16 4 10 16 4 18 11 5 12 3 4 2 9 6 10
4 17 15 2 0 16 8 12 9 17 3 17 9 13 15 6 10 12 2 6 2 19 9 16 2
18 16 12 15 8 14 7 19 8 8 19 11 17 12 16 16 17 18 5 1 5 17 6 16 3
7 5 19 14 4 9 10 9 19 15 9 2 11 5 15 18 0 12 16 5 12 5 4 9 17
3 2 6 12 12 19 15 17 14 18 8 7 5 0 3 6 15 2 0 6 18 4 0 5 17
25
15 8 1 7 8 19 0 1 0 14 18 5 17 14 7 6 0 3 3 11 5 19 11 1 8
8 11 6 0 18 14 7 0 19 16 0 5 1 6 15 2 4 15 9 15 17 6 14 12 16
16 0 0 10 10 11 10 18 0 11 2 13 6 18 6 2 15 12 13 1 14 6 6 11 7
14 16 6 2 5 19 10 17 0 11 3 2 0 2 2 5 15 14 2 4 10 12 7 16 15
11 5 15 10 10 0 6 17 15 19 13 1 7 18 15 1 5 3 1 4 9 8 16 7 19
15 7 19 18 17 13 1 8 17 8 0 14 2 17 11 5 1 2 3 8 13 11 16 18 15
16 10 2 5 8 8 16 15 12 9 0 5 15 9 0 16 10 7 1 4 4 6 3 8 6
18 15 17 0 12 14 19 4 12 14 7 6 7 0 16 7 1 1 1 1 4 16 13 10 13
16 10 4 13 0 15 0 8 5 14 8 10 8 19 16 13 4 3 15 8 12 0 7 16 0
9 14 0 3 11 0 13 18 9 12 2 14 8 11 0 15 18 10 3 4 5 11 8 5 18
2 17 13 9 7 9 7 15 13 10 14 10 1 0 9 11 13 3 14 13 3 0 16 12 12
14 4 11 12 18 4 15 8 13 18 14 0 16 9 15 4 10 1 6 6 12 7 0 2 18
7 12 0 7 15 8 11 9 9 7 15 1 4 14 2 0 7 3 0 17 2 5 19 0 3
0 10 0 14 13 7 12 14 13 10 19 10 17 9 8 2 13 14 3 0 4 8 9 1 12
0 17 9 9 19 16 12 17 9 18 10 11 12 18 3 10 3 7 16 12 2 7 5 6 0
3 6 19 2 4 9 12 18 3 17 17 15 1 11 10 6 13 17 3 1 13 2 5 11 3
10 6 7 8 12 17 9 16 3 7 19 5 8 7 5 14 18 19 9 13 15 2 12 5 6
0 0 16 11 12 0 17 1 13 0 9 14 15 9 15 14 8 6 9 6 5 0 0 3 7
12 6 8 2 5 19 11 16 1 13 2 19 0 14 15 0 3 6 0 5 6 0 14 7 14
8 15 15 10 0 11 16 4 19 16 3 14 17 6 16 17 7 3 14 12 6 2 0 18 16
6 14 1 18 8 0 2 5 5 11 14 18 18 9 15 11 7 12 11 11 19 11 9 12 3
11 19 0 11 15 0 0 14 14 0 5 11 2 1 7 14 14 12 3 14 5 18 3 0 6
6 16 18 19 18 0 13 6 4 9 11 19 16 5 12 11 12 6 18 6 9 11 0 5 0
16 0 13 17 0 4 3 2 19 17 8 0 2 16 5 4 1 16 6 19 18 13 13 2 11
3 16 18 9 5 1 11 4 2 9 0 11 0 3 3 8 3 1 10 16 0 6 8 8 18
25
9 1 8 7 4 12 12 0 12 0 18 14 18 18 1 0 3 5 0 18 17 9 18 1 3
0 6 5 0 15 19 9 0 8 8 12 0 2 8 17 2 4 6 9 11 13 17 16 0 18
5 0 10 16 0 0 0 10 5 1 0 13 16 2 0 1 3 4 0 13 5 18 5 0 0
16 0 1 1 1 7 8 0 6 10 12 0 18 1 12 4 0 7 11 0 4 15 12 13 19
5 10 14 9 14 19 19 2 2 0 19 5 0 6 3 12 2 15 0 3 12 19 12 14 19
12 7 16 7 0 7 10 4 0 18 7 11 4 10 0 1 11 4 13 8 0 8 0 0 2
10 0 2 14 10 0 0 0 0 7 0 12 5 18 10 15 11 13 8 7 18 2 15 5 7
15 8 0 2 17 6 5 0 19 7 0 12 8 2 17 16 0 13 2 11 0 10 0 5 10
5 17 14 18 12 3 18 12 7 2 17 16 14 0 17 7 17 5 12 5 0 17 0 11 18
2 7 13 2 12 10 5 0 11 18 2 13 0 18 17 8 7 0 10 18 18 19 6 0 0
12 16 12 15 0 6 9 0 0 10 5 15 0 8 1 0 14 0 2 5 0 13 1 17 6
3 5 8 1 8 0 9 0 6 3 7 13 18 13 12 3 7 12 3 16 12 19 0 17 0
2 4 1 4 1 0 7 0 3 0 13 0 15 0 0 13 0 2 3 12 0 5 0 1 15
0 1 6 0 18 3 12 18 3 11 8 11 13 2 13 1 3 13 14 0 1 0 16 3 7
0 5 15 11 7 11 7 5 0 11 0 10 18 0 4 16 12 11 11 18 6 19 6 14 7
8 4 0 15 6 5 10 4 1 14 12 15 5 19 17 0 11 16 17 17 19 2 8 0 14
15 2 14 8 0 0 0 0 6 7 0 5 5 0 5 5 5 10 17 10 0 19 10 3 3
8 3 0 5 19 7 5 6 19 7 17 2 8 18 14 0 14 15 1 2 3 19 2 12 3
14 0 0 0 8 6 14 8 17 10 11 6 19 15 4 8 3 10 3 11 12 1 16 2 7
0 18 11 7 13 11 19 6 0 18 5 0 9 0 12 16 18 8 11 11 14 6 14 5 18
11 5 1 17 9 6 2 11 2 0 10 0 2 0 10 6 15 16 0 4 0 7 0 12 15
8 15 10 1 17 0 9 0 11 11 6 6 3 11 1 0 0 2 2 1 0 6 18 3 16
0 5 12 0 5 0 16 19 1 8 8 10 0 3 0 18 12 0 13 0 0 0 15 13 0
0 17 16 7 9 0 13 13 19 0 9 0 3 10 0 15 18 15 0 11 0 5 5 2 6
9 3 3 17 7 4 6 3 16 8 15 15 8 15 13 4 6 18 17 7 2 17 13 1 1
25
10 18 15 9 4 2 5 0 4 9 10 10 0 6 4 13 19 0 0 0 6 9 3 4 13
19 10 4 0 19 15 8 0 14 0 0 1 7 0 16 0 0 5 2 7 0 0 0 0 0
0 4 18 8 1 0 1 18 18 18 5 15 6 13 13 10 14 13 2 2 0 7 0 8 6
15 13 9 17 4 0 14 0 0 0 0 2 3 0 12 5 4 17 14 12 18 8 0 3 2
0 10 7 8 15 0 14 0 9 14 5 5 19 12 5 16 2 0 2 7 6 14 17 7 0
1 0 0 0 17 3 0 8 15 2 14 19 0 16 0 0 18 15 5 5 0 0 13 3 1
12 0 17 7 18 9 2 0 14 13 0 10 7 15 0 0 4 14 17 16 7 0 0 1 19
5 18 4 0 5 15 0 0 14 0 7 5 13 0 16 7 16 11 8 2 13 0 9 0 0
18 4 0 17 0 2 2 14 10 0 2 8 6 19 19 0 0 0 5 0 16 5 7 0 0
1 13 8 18 14 1 4 0 4 10 6 0 8 0 0 19 0 0 10 5 0 0 17 4 3
13 0 0 0 5 2 3 2 15 0 19 1 8 2 0 18 15 1 12 14 19 0 0 1 0
2 1 11 0 19 0 10 17 5 14 0 12 5 11 2 10 5 0 16 5 17 0 8 0 5
1 8 12 12 15 0 1 4 13 3 14 12 10 11 0 0 9 3 1 0 10 0 16 12 0
0 1 0 4 1 18 15 17 0 15 16 5 7 0 2 15 0 0 0 1 8 0 4 19 1
9 15 16 17 0 2 5 7 3 18 13 2 9 10 9 6 0 16 0 0 1 12 5 2 10
3 5 9 0 19 4 0 5 7 13 15 11 0 0 12 4 0 6 0 6 0 13 8 10 19
13 17 2 18 17 7 10 11 17 9 0 19 0 15 0 14 19 17 0 12 0 0 0 0 16
0 9 11 5 3 10 15 7 14 2 0 0 16 6 6 7 8 0 0 14 14 0 0 18 1
9 0 6 5 11 0 12 13 1 4 0 4 17 4 6 3 5 4 1 1 11 6 14 0 0
18 6 13 8 0 10 2 12 18 11 7 0 14 10 10 0 10 0 13 0 6 6 18 13 9
4 16 19 1 8 14 11 0 17 5 9 2 8 0 7 0 0 2 1 14 12 11 1 5 4
4 4 12 0 15 15 0 0 16 5 2 10 1 18 17 0 0 0 6 0 17 10 11 18 19
7 13 0 6 18 0 12 16 2 19 0 9 14 18 14 19 4 9 0 16 0 0 0 0 1
10 0 19 4 0 0 9 13 18 15 12 17 6 4 16 1 16 10 6 14 5 0 12 0 0
7 19 11 0 3 16 11 6 0 16 5 5 0 17 12 0 18 18 0 4 10 12 17 2 6
25
8 0 3 19 0 11 17 9 10 16 0 0 11 15 2 17 0 12 0 7 1 17 15 12 6
14 0 17 8 2 9 0 6 10 0 4 0 0 0 11 0 4 5 0 0 5 18 2 5 6
0 4 0 0 0 8 0 8 14 9 0 0 0 12 16 1 16 5 8 3 7 13 0 18 2
12 0 9 8 18 0 13 4 1 12 5 1 15 0 11 12 7 1 0 15 0 0 13 8 0
19 0 0 0 10 19 16 0 19 11 1 0 0 13 7 12 15 13 0 0 0 0 0 2 0
0 8 0 1 7 17 19 3 5 0 0 0 5 18 0 0 9 11 17 0 11 14 9 0 9
11 2 0 13 0 7 19 8 17 9 0 0 0 0 0 10 0 0 2 2 0 0 4 5 6
13 13 11 0 0 3 18 4 10 0 2 0 0 15 1 3 4 10 12 0 17 6 0 0 19
0 7 4 0 18 0 16 0 17 1 0 3 0 3 0 14 18 0 0 0 2 0 2 2 7
0 9 19 0 1 4 0 8 12 0 7 14 0 0 4 7 1 7 10 0 0 10 14 0 11
11 0 0 6 0 3 19 0 0 0 13 4 0 13 6 11 4 7 10 0 12 1 0 1 0
0 0 7 12 19 1 13 10 0 5 18 2 0 4 10 9 13 0 1 0 4 10 0 17 4
12 4 18 0 0 0 0 2 19 19 1 9 0 2 8 0 4 0 19 0 0 1 0 2 18
5 0 5 12 0 17 17 19 0 0 0 1 5 2 16 1 0 17 0 18 0 0 3 0 13
0 16 12 11 10 12 0 17 6 0 7 11 15 0 5 7 0 0 6 4 0 10 4 17 0
13 0 18 0 0 7 1 8 0 12 11 12 0 0 0 12 16 12 0 0 19 11 13 12 0
1 17 0 17 6 6 0 10 0 3 0 0 0 0 10 0 6 1 0 18 18 0 14 14 7
2 0 6 9 18 15 0 13 0 11 14 6 19 4 0 2 0 2 4 0 0 14 16 7 13
7 0 0 0 19 3 0 9 10 19 0 10 4 9 0 18 6 9 0 4 6 6 0 0 14
10 12 15 0 9 0 16 8 0 5 0 14 3 0 10 0 0 0 0 1 7 14 13 0 0
0 12 5 0 0 9 0 19 19 8 12 9 7 16 16 14 16 17 0 10 11 14 0 17 0
0 5 18 0 19 4 10 13 6 8 0 15 6 3 6 3 0 14 0 13 15 17 0 16 15
19 9 1 0 9 0 9 0 10 1 2 19 0 5 9 0 18 0 0 3 10 18 14 0 11
0 15 15 17 5 0 5 13 0 10 19 18 0 0 18 15 3 19 10 12 11 9 1 14 10
0 0 8 5 0 0 9 12 11 0 4 0 6 12 9 0 16 1 9 13 0 0 2 12 13
25
8 0 0 0 0 15 9 7 0 0 0 15 0 0 7 11 9 1 17 0 6 0 5 0 3
0 0 5 0 16 2 0 0 15 0 3 4 19 4 13 0 8 13 11 0 0 0 0 18 5
0 0 3 3 3 11 0 0 4 10 7 1 16 8 15 0 0 3 3 2 0 12 18 0 0
5 4 3 6 0 4 3 7 10 16 17 2 7 0 2 0 6 4 17 0 15 0 0 12 0
16 0 11 16 0 0 0 0 17 0 17 2 0 0 17 15 6 18 7 0 0 0 0 0 0
0 4 0 0 0 1 0 18 4 0 1 19 15 0 8 6 11 5 19 18 18 0 14 5 0
19 0 14 0 0 0 0 0 19 10 16 16 15 0 0 2 0 16 2 19 13 12 0 3 1
18 9 11 7 17 8 13 0 15 7 10 9 15 9 10 0 0 16 0 8 2 13 8 6 0
0 8 8 4 0 6 5 18 4 0 0 0 0 0 19 13 0 0 0 17 11 13 9 0 2
7 0 13 18 4 10 0 0 0 0 5 16 11 8 4 7 8 13 17 14 0 16 14 0 0
0 0 7 0 0 0 0 6 3 6 18 5 0 0 14 0 0 7 0 0 4 1 18 12 0
0 17 0 1 19 13 7 0 7 0 17 19 17 8 1 0 0 0 16 6 0 14 0 0 1
5 3 10 0 0 0 0 1 16 15 0 12 0 13 1 17 15 0 0 0 18 4 9 0 0
4 8 6 2 2 0 3 18 19 3 3 0 6 0 19 9 0 13 2 10 16 0 9 0 0
19 0 18 12 0 0 7 0 17 0 0 0 0 19 0 10 11 18 19 0 0 0 0 0 0
5 4 0 3 18 0 15 0 0 0 18 15 0 5 6 6 6 5 11 11 1 0 0 16 0
11 8 9 3 0 0 0 13 0 4 0 12 11 0 3 2 0 17 19 4 0 17 0 16 14
0 8 5 15 0 14 0 18 0 0 0 4 0 13 0 0 0 6 1 5 8 0 2 0 2
0 6 0 0 0 2 6 0 1 8 0 12 3 3 0 0 0 0 19 14 5 13 0 6 14
0 0 2 7 6 15 10 4 0 5 0 5 10 17 16 2 7 4 16 2 7 7 13 6 0
0 14 0 0 0 14 0 0 0 7 11 6 0 0 0 0 1 19 0 12 0 16 11 4 0
3 18 11 14 14 6 0 5 3 17 0 0 3 10 0 3 5 10 0 3 0 0 0 6 0
5 0 13 10 12 0 0 11 14 7 8 19 15 11 0 8 8 17 18 12 0 4 11 0 8
0 0 0 3 16 0 0 0 0 8 3 13 0 1 0 12 1 6 18 14 9 0 8 2 1
0 1 4 13 0 1 0 18 0 8 0 12 0 0 5 3 7 0 17 12 18 6 4 14 9
25
0 0 0 12 2 7 6 19 0 0 13 6 0 14 0 19 0 16 0 3 10 0 6 1 3
0 15 0 0 0 10 0 16 0 0 1 0 11 16 0 14 0 3 0 3 0 15 0 8 0
1 0 0 0 0 0 7 0 0 0 11 11 0 17 0 13 10 0 10 18 0 11 16 9 1
0 7 0 0 0 0 4 3 10 13 1 0 7 1 8 0 19 9 8 0 8 1 0 0 6
0 0 0 8 18 3 0 0 7 14 17 0 4 0 4 10 7 0 0 1 4 0 12 0 0
3 9 0 3 8 0 6 13 0 12 0 9 5 0 8 19 0 14 6 0 19 0 13 8 0
1 2 17 0 0 19 6 14 0 18 13 13 0 0 17 0 0 17 8 13 11 5 0 0 19
0 0 7 0 0 12 0 0 11 0 0 14 17 0 15 0 0 0 11 4 0 5 18 0 0
18 0 0 0 0 0 10 7 9 0 10 0 0 13 0 0 0 0 0 8 18 16 6 6 12
0 15 0 12 0 9 6 13 0 7 0 10 15 0 0 3 0 17 0 15 5 0 19 0 16
7 0 0 8 8 0 12 2 11 3 16 0 0 0 0 9 0 0 14 17 11 18 9 0 0
5 11 2 16 15 1 0 3 0 13 0 0 0 0 0 0 14 0 0 3 0 16 4 13 0
18 9 0 18 2 6 2 11 15 0 9 0 0 14 0 19 0 5 15 14 0 0 12 0 0
0 0 6 8 4 2 0 8 11 0 0 16 0 0 5 17 0 0 11 16 5 2 14 0 1
14 0 0 13 0 0 19 17 0 0 0 0 14 0 12 0 12 0 1 9 0 0 12 9 8
4 0 0 15 0 0 0 3 0 0 14 0 14 11 0 0 0 8 0 19 0 12 0 13 0
0 0 0 0 0 0 0 1 9 0 7 0 0 0 0 0 0 10 0 18 9 4 0 5 8
0 8 6 0 0 0 3 0 13 0 1 0 4 17 0 5 6 0 17 0 0 12 0 0 0
0 19 0 0 10 0 12 0 5 0 6 17 0 0 0 12 19 0 0 0 17 15 19 7 0
0 0 0 0 0 0 18 0 18 0 17 0 0 5 7 0 0 0 0 1 16 13 11 15 0
0 4 0 0 15 0 5 4 0 0 5 0 0 19 0 17 10 0 1 0 0 3 0 0 0
0 0 12 5 0 11 0 13 3 0 0 0 0 4 15 7 11 13 0 0 10 0 0 16 13
14 0 0 6 0 0 10 0 0 0 4 19 0 1 0 4 0 0 0 0 0 4 11 2 0
6 0 0 0 0 1 2 0 15 19 3 0 0 0 0 9 0 0 18 5 0 0 0 10 19
0 1 0 16 0 13 0 0 8 0 0 13 3 18 7 5 0 0 11 2 0 7 0 0 18
25
0 17 0 17 0 0 14 3 0 0 0 13 8 0 0 0 0 0 10 0 0 13 0 0 5
18 0 16 11 0 10 0 13 9 5 0 0 5 16 9 12 5 10 0 0 0 0 0 0 0
0 16 1 0 0 0 0 2 10 0 15 6 18 0 0 0 0 0 0 0 0 11 17 9 17
0 0 0 6 15 0 0 0 0 0 0 2 9 18 0 0 19 0 5 0 8 0 0 0 0
15 5 4 0 5 0 17 0 0 1 0 0 0 0 12 13 8 6 0 0 4 13 8 0 0
0 5 4 0 0 9 0 0 0 2 0 17 0 0 1 11 0 11 0 0 4 0 15 0 0
16 0 0 0 0 0 0 13 10 0 19 0 0 17 0 0 0 9 13 19 0 11 0 12 2
0 17 0 0 0 5 0 0 0 0 3 1 6 0 0 0 0 12 0 5 0 0 0 0 0
0 0 2 19 13 13 12 0 5 13 2 6 13 7 14 1 9 16 0 8 0 12 0 13 0
11 0 6 5 0 19 12 0 1 13 0 17 5 0 7 11 10 0 0 0 17 17 14 0 18
0 14 0 0 0 1 0 0 0 13 13 18 0 0 0 0 9 2 16 0 9 12 0 15 12
0 6 0 0 0 5 0 14 14 0 0 1 18 5 0 0 14 0 12 19 13 0 0 0 0
0 0 3 19 16 16 0 0 3 1 0 9 17 0 0 0 0 0 0 3 0 11 16 0 1
0 14 19 0 8 11 14 17 16 0 0 0 0 0 6 0 0 13 0 0 8 15 9 1 0
0 5 0 0 0 13 0 0 0 2 16 0 0 0 6 0 0 0 0 0 1 0 0 11 0
19 0 10 0 0 16 0 13 0 3 3 7 4 0 0 6 0 3 0 0 0 0 0 14 0
16 0 0 0 0 0 0 12 16 7 13 0 0 13 7 10 0 0 18 0 0 9 0 0 15
0 0 19 0 8 19 9 12 0 18 16 0 5 0 7 0 0 0 0 0 0 12 0 0 0
0 3 19 0 1 0 0 0 17 0 0 0 0 0 0 0 0 14 0 0 0 19 8 14 17
0 1 0 0 18 0 17 8 4 0 0 0 0 0 0 0 0 15 12 0 0 4 0 12 0
0 10 8 15 0 0 0 0 9 0 15 0 0 0 0 0 0 15 0 0 1 0 0 0 19
2 0 3 14 0 0 0 0 0 10 13 0 3 7 0 0 0 6 0 0 0 0 0 0 0
0 0 0 0 17 0 0 0 0 16 6 2 0 0 0 0 0 0 17 0 3 17 0 0 0
0 0 0 10 13 5 12 17 3 0 0 0 10 12 11 5 0 1 0 0 0 0 0 11 0
0 10 12 5 0 0 7 0 0 4 0 3 5 0 15 0 0 0 0 0 0 0 0 0 8
25
0 5 0 16 15 0 0 0 0 10 0 2 0 0 0 0 18 0 9 0 7 11 11 0 0
18 0 0 0 0 18 4 18 0 0 0 12 0 0 0 0 10 15 4 0 0 15 0 0 0
16 0 14 8 0 0 0 0 7 8 11 0 0 0 2 0 0 0 0 0 0 18 0 10 0
17 11 0 0 12 0 0 10 0 0 14 13 0 18 0 6 0 0 3 0 0 15 3 0 0
0 19 0 0 0 0 10 18 18 0 12 0 0 0 3 0 0 0 0 9 0 0 0 0 19
17 0 0 0 0 0 0 0 15 7 0 0 1 16 0 18 0 11 0 0 7 0 0 0 5
15 8 0 0 0 0 16 0 15 2 6 0 0 10 0 0 0 11 0 4 0 0 0 14 0
12 16 0 0 13 0 0 0 0 0 0 3 0 19 15 12 0 0 0 0 0 19 0 0 12
0 0 0 13 0 0 10 0 0 18 3 6 0 0 0 0 8 0 0 0 0 0 0 0 3
14 0 12 0 0 0 3 9 0 0 0 0 13 0 0 0 6 0 9 0 0 13 5 19 0
19 0 0 0 6 11 0 0 15 0 14 2 0 0 0 0 0 14 0 0 0 0 0 0 0
0 0 0 0 6 5 2 0 15 0 0 0 0 0 0 0 0 0 0 0 11 0 1 0 0
0 12 0 0 12 0 13 9 0 2 0 0 0 0 0 0 14 0 1 0 0 0 0 0 7
8 0 5 18 19 10 0 0 0 12 1 12 9 0 0 16 10 0 0 0 0 0 7 0 19
15 0 0 0 0 0 0 12 1 13 2 0 0 0 0 0 0 0 0 0 11 3 9 0 13
3 0 0 0 0 0 0 0 0 0 0 19 10 0 0 0 0 0 0 0 1 0 7 14 0
0 3 0 0 0 0 0 12 0 0 18 0 0 0 15 0 8 8 0 0 4 0 0 0 13
19 18 0 0 18 4 0 0 5 0 16 0 0 0 0 12 1 0 0 0 0 0 0 10 0
0 0 0 0 0 9 17 4 11 0 14 5 0 0 0 6 0 0 9 11 0 18 9 0 1
0 0 0 0 2 0 0 0 0 0 0 0 2 0 0 0 4 0 14 0 0 0 8 0 5
0 0 0 0 0 0 9 0 0 0 11 0 0 2 0 8 0 15 0 0 0 0 14 12 0
0 0 0 0 0 1 16 0 0 0 14 0 8 13 12 0 7 0 0 0 0 0 0 5 0
0 0 0 0 0 0 0 0 7 0 0 0 2 0 0 0 0 0 0 0 0 0 0 13 0
14 0 0 15 1 0 15 0 8 7 0 0 0 0 12 0 0 19 0 0 4 0 0 0 0
0 0 0 7 8 2 0 13 0 0 0 0 0 0 0 17 0 6 0 16 1 19 9 0 8
25
0 10 9 0 5 8 11 15 0 0 0 0 0 0 0 0 0 8 3 0 0 0 0 0 2
0 0 0 0 7 2 0 3 4 0 0 0 0 0 0 0 0 7 0 2 0 0 1 0 11
0 0 0 0 0 0 0 15 13 0 0 11 0 2 19 0 15 10 0 5 0 14 18 11 7
0 0 0 15 0 3 17 10 14 6 9 1 0 0 0 14 0 0 0 8 0 0 0 3 7
13 0 0 0 17 0 0 0 7 3 11 0 0 0 11 0 0 0 0 0 0 0 0 0 0
0 14 0 18 0 0 0 0 0 0 0 0 0 0 0 16 0 0 0 0 0 0 0 0 10
0 0 0 0 16 0 11 0 0 0 15 0 0 0 3 0 10 11 0 0 0 17 0 0 0
2 4 1 0 0 5 0 10 0 0 0 0 0 0 0 0 14 0 10 0 0 14 0 0 0
2 0 0 19 0 13 0 0 0 15 1 0 0 0 0 0 0 0 0 0 0 0 0 17 8
0 0 0 0 0 11 0 0 14 0 0 0 0 0 8 0 9 7 0 0 0 18 0 7 13
0 0 0 0 0 17 0 0 0 5 0 0 14 0 9 13 0 0 0 19 2 0 2 0 0
17 0 15 0 0 0 0 0 0 0 0 11 0 0 0 12 0 11 0 7 0 0 0 14 11
0 0 0 0 0 0 14 0 0 11 0 0 0 0 0 0 0 16 3 0 0 0 0 0 0
0 0 0 0 0 0 0 4 6 0 1 0 0 0 0 17 6 0 0 0 0 0 11 0 0
0 10 4 15 0 6 0 0 0 3 3 18 0 0 0 13 12 0 0 0 5 0 0 0 0
8 0 0 0 15 0 0 2 8 0 0 0 0 16 0 0 0 0 0 0 0 0 0 10 0
0 10 0 0 0 0 0 0 0 0 0 0 0 0 0 12 0 0 0 0 0 4 0 0 0
0 15 0 0 3 0 0 0 13 0 0 16 0 0 0 0 8 2 0 0 0 0 0 6 0
0 0 4 0 2 0 0 0 0 0 0 0 1 0 0 0 4 0 0 0 0 0 10 0 0
0 0 0 0 0 0 7 0 0 0 0 0 0 0 0 0 0 0 0 0 5 0 0 0 0
0 1 0 0 0 0 0 2 0 0 12 0 0 0 14 13 0 0 0 0 0 0 0 0 0
0 17 0 0 0 0 0 0 15 0 0 0 0 0 9 19 0 0 0 0 0 5 0 0 0
0 0 13 0 0 0 0 0 6 1 5 0 0 0 0 0 0 17 11 0 0 8 0 18 9
5 1 0 0 0 7 0 0 0 19 0 0 0 8 0 0 11 0 0 0 0 0 0 10 0
17 0 17 0 0 0 0 0 0 0 0 0 0 16 0 0 0 8 0 0 7 14 17 3 0
0
