6
-1.0 -3.0
-3.0 0.0
-3.0 3.0
0.0 4.0
3.0 1.0
2.0 -2.0
6
-2.0 4.0
-3.0 0.0
-2.0 -3.0
2.0 -3.0
3.0 1.0
0.0 2.0
4
1.0 1.0
1.0 -1.0
-1.0 -1.0
-1.0 1.0
6
-1.0 1.0
0.0 2.0
1.0 1.0
1.0 -1.0
0.0 -2.0
-1.0 -1.0
6
-1.0 1.0
0.0 2.0
0.8 0.8
1.0 -1.0
0.0 -2.0
-1.0 -1.0
6
-1.0 1.0
0.0 2.0
0.1 1.0
1.0 -1.0
0.0 -2.0
-1.0 -1.0
6
-1.0 -1.0
0.0 -2.0
1.0 -1.0
0.8 0.8
0.0 2.0
-1.0 1.0
6
-1.0 -1.0
0.0 -2.0
1.0 -1.0
0.1 1.0
0.0 2.0
-1.0 1.0
10
0.0 1.0
0.5 0.5
1.0 0.5
0.5 -0.5
0.6 -1.0
0.0 -0.5
-0.6 -1.0
-0.5 -0.5
-1.0 0.5
-0.5 0.5
5
100.5 -157943.124
-124.79 -73946.3
-235.2348 184.5
0.117 90345.6734
2386.34 3037.92
5
100.5 157943.124
-124.79 -73946.3
-235.2348 184.5
0.117 90345.6734
2386.34 3037.92
4
0.1 0.1
0.1 -0.1
-0.1 -0.1
-0.1 0.1
4
0.0 0.0
0.1 -0.1
-0.1 -0.1
-0.1 0.1
100
0.4444643751313714 -0.22228460976082665
0.12496831283904963 -0.09507921956932908
0.021519136980519216 -0.3504948844823894
-0.049078759826699514 0.3338493470185334
0.4603624014527341 0.4223801882214472
-0.382584621191858 -0.05144339112612517
-0.4832085062770969 -0.2586671718332525
0.2985061207620534 -0.2791230735429211
0.13840280011320927 0.18676265532774483
0.08576727994902034 -0.2437160158871674
-0.11537066028401055 0.4874916390582277
-0.014736992553010086 0.036915461553229334
0.3996875954096394 -0.2640096545142063
-0.1916440223191841 0.23759457912986715
0.42277729687832954 0.38386163112733007
0.4480201003274875 -0.0880624434100199
0.0767154173506881 0.2634004963669796
-0.35146229475155033 -0.4522163341911668
-0.09823006198148065 -0.4324270447744799
-0.03857835789564945 -0.08791627617147768
0.2957963569833698 -0.3739704973008514
0.1341138653544104 -0.25496931251216715
-0.31513524893955713 0.43879298848368264
-0.2995271443908364 0.2216148889870473
-0.11959823981727724 0.27203342609264236
0.03327328564034682 -0.3240653803426419
-0.32054264592508386 0.18186632534631209
-0.4210974603552581 -0.1205086256137331
-0.16595704591423865 0.11238371763426769
0.42314880081345874 -0.32065254406307875
0.05357214132294241 0.21315181292161656
-0.2655625401898285 0.03542198560470888
-0.28872744610115175 0.2391811634880373
-0.0029173684953414103 0.44834992759832737
0.4010224755636491 0.3328998103870848
0.2820819818052257 0.44022715158710224
0.43540191957652974 0.14293263953931667
0.10669390863309802 0.1402129800331643
-0.21116590888014763 0.1085139809530199
-0.2935030874757055 0.1353598260052995
-0.12847120991941596 -0.1688662774258849
-0.21515780503415793 -0.42581111653533654
-0.12947464643225437 -0.23345916662351074
0.014571182699128493 0.05642767513195568
0.2134687466737133 5.013491493867095E-4
-0.2544192375707819 0.10697568756602471
-0.0011617433895059204 -0.37926855181192987
-0.4807199243697854 0.01556069961066564
-0.006815847022980992 0.1652001135384612
0.10719329059610694 -0.4743012591768345
0.021513809452809896 -0.18648172965229226
-0.12407599915546652 0.27746761421710564
0.2713044393125279 0.3934059563232142
0.3344079609725412 0.04825308116153271
0.19370570268687415 -0.10174846984806152
-0.2581587584519667 -0.30597482975221835
0.31733147591745514 0.05455096167697071
-0.35411752905315297 0.27085032181739344
0.3906257346433252 -0.4604614906150777
0.1806885331495398 0.11224367757570552
-0.1618763135153627 -0.27040682862806
-0.11694631874562811 -0.34738595986108256
-0.44598489771548455 0.35902962593966725
-0.31761645007505224 -0.479547051737495
-0.43674718202082696 0.18665479827905074
-0.4135539756819353 -0.12293289296704912
0.05603506094550026 -0.29600487240340023
0.4198023002816462 0.14755220933893132
-0.2541731233753264 0.07437326148404477
-0.22446818637675547 0.18035494239105576
0.4141706919215097 -0.1339641161018793
0.11332615589253392 0.4801674839369534
-0.11262668262748488 -0.2646920435988771
-0.32176206833588805 0.4860483353763886
-0.45925832291186 0.027272402082431757
-0.3756687009072597 -0.08743922930363635
-0.25462417461586007 0.29174714475509567
0.4061919397627908 -0.06363044586532829
0.46061381210243457 -0.03864454084227886
0.14871512754389415 0.4941341704517974
0.43205881409270397 -0.09374153359080029
0.32180179672581277 0.15968570418579742
0.1807048220949634 0.26664242392593085
-0.36844721946133685 -0.010626836536779316
0.16301322424327447 -0.13067313068633135
-0.406737017852528 0.36411268007970776
0.14487848707255435 -0.34111730170990284
-0.22602200932571614 0.21507247676843155
-0.03574276561218381 -0.08357641378791558
0.1835863098047089 0.09707394524457125
0.45782055898539753 -0.39924374520306205
-0.2466183139618775 0.36968848415030864
0.3963259366207468 -0.07314987425604413
0.26974077084533665 0.2606574920614809
-0.18850949997008137 0.2956089307166786
-0.4719777737409788 -0.1803382056358105
0.10398359548187996 -0.09329902636422538
-0.16199534503863677 -0.2773850287754641
-0.20225737900131002 -0.1772716114434375
0.3471410328435991 -0.44244624594872517