9
5 3
1 1 4
3 1 2
3 2 3
2 4
0 0 1
0 1 1
1 0 1
1 1 1
2 3
0 0 2
0 1 2
3 1 1
1 3
0 0 3
0 1 2
0 2 1
1 3
0 0 3
0 1 2
0 2 1
1 3 
0 0 1
0 1 2
0 4 3
1 2
0 1 3
0 6 3
100 30
21 98 89
94 84 52
53 89 33
64 22 75
57 91 26
47 90 28
63 24 49
68 77 79
64 14 36
72 0 31
19 5 39
98 24 34
70 33 48
19 19 79
79 96 14
6 80 46
76 88 50
86 21 91
87 82 18
97 10 52
90 24 99
82 83 24
99 12 79
70 16 34
0 65 20
44 60 59
81 42 56
88 48 22
52 67 79
0 74 79
100 300
295 12 192
285 249 112
945 241 130
502 72 177
732 581 241
872 824 67
927 43 168
99 881 175
955 435 136
747 445 80
754 865 185
898 923 90
731 693 159
768 868 80
264 606 210
437 570 41
954 625 73
810 94 160
740 350 13
975 572 64
487 921 12
83 839 112
208 193 14
991 615 44
77 898 143
518 648 181
937 910 44
691 930 127
35 599 188
649 907 86
65 46 138
540 816 95
584 225 87
148 727 155
118 43 74
843 816 218
561 112 75
780 993 102
143 842 106
807 262 155
480 666 175
922 756 165
211 144 167
203 998 220
991 136 168
100 633 180
180 23 108
832 211 33
262 982 116
81 998 60
842 13 159
403 620 237
9 740 107
18 383 134
888 987 130
166 549 108
612 877 242
952 828 139
551 267 58
765 947 214
105 937 220
604 746 75
285 282 99
190 861 76
762 563 70
888 365 111
461 908 226
508 590 61
508 497 200
889 840 99
720 182 194
154 409 189
525 593 149
239 798 150
460 577 1
67 619 248
116 112 130
839 297 246
777 300 47
740 559 221
209 179 194
713 43 198
178 233 32
428 255 164
771 215 101
523 125 196
464 99 93
241 457 233
904 420 21
784 553 217
305 293 116
722 35 72
484 51 248
232 505 146
357 464 167
666 980 23
864 160 164
29 407 160
41 473 161
493 634 87
475 808 104
564 758 203
622 697 13
354 280 178
975 414 68
528 31 236
725 856 210
363 754 135
122 886 204
731 965 130
69 595 136
924 439 9
530 563 107
706 146 126
934 941 22
26 749 183
185 633 204
613 966 135
683 479 56
617 45 166
793 773 205
279 814 95
597 694 16
783 913 82
895 113 95
299 724 187
266 321 36
379 724 68
94 325 171
160 673 17
904 845 194
57 578 194
788 747 141
150 271 154
133 354 188
242 921 84
409 818 163
484 727 156
81 968 232
599 468 9
361 875 237
629 742 131
26 798 171
834 482 223
695 440 15
123 289 85
289 81 236
322 950 47
928 589 211
421 196 125
648 593 15
88 815 150
415 749 208
346 941 203
221 791 206
965 120 136
272 402 126
591 231 100
510 277 138
483 686 141
24 677 102
488 602 122
169 247 99
50 880 232
943 563 225
808 610 163
986 385 241
377 935 190
369 694 92
790 81 249
616 408 156
805 432 240
326 120 229
887 374 14
757 22 12
270 659 6
247 335 159
770 696 210
637 383 0
33 849 141
809 30 223
159 195 85
64 484 189
68 654 213
597 545 121
782 836 71
659 867 53
94 645 245
678 907 231
442 917 97
422 71 52
658 163 146
60 529 185
649 557 128
374 926 148
482 518 2
586 219 92
605 546 100
734 468 15
397 206 169
878 71 205
485 575 92
839 644 25
667 673 82
698 22 104
11 147 93
956 349 13
306 65 22
377 509 142
126 255 62
59 396 182
170 395 11
872 541 189
334 395 152
742 76 227
72 684 17
501 823 12
773 464 249
611 755 178
64 803 205
486 185 140
510 746 63
729 628 221
160 57 206
138 525 175
763 374 214
74 299 211
352 931 68
754 811 116
852 471 2
386 163 153
627 869 214
209 321 123
584 590 202
336 830 197
914 576 122
646 320 51
567 24 119
590 830 21
451 954 237
757 713 25
530 198 216
46 757 67
984 564 207
768 891 6
208 482 214
357 735 215
445 359 22
515 27 30
631 587 34
780 671 99
348 364 86
802 461 36
803 30 232
373 183 224
105 44 211
686 528 226
744 157 199
688 357 160
715 207 130
362 231 199
694 730 132
280 594 141
929 531 233
904 604 132
948 267 43
685 770 27
955 139 48
380 316 167
326 44 240
841 723 183
66 22 247
622 202 232
611 19 160
468 723 48
167 668 188
361 827 189
517 854 6
443 74 1
343 808 210
403 960 83
795 753 16
906 310 191
762 929 23
136 988 235
956 945 171
573 643 120
18 976 188
830 750 88
858 337 232
592 315 101
8 525 211
940 87 210
947 200 113
213 378 164
808 745 103
42 571 131
404 620 103
611 132 101
762 474 220
