10
5 4
100 10 20 10
3 1 4
5 3 
10 100 10
4 4
4 6
90 40 30 20 10 55
2 1 5 3 2
1 2
100 100 
2 
2 2
100 100 
1
2 3
100 100 100
3 3
50 21
40 116 117 183 186 49 5 23 139 60 79 156 129 170 110 165 9 143 13 176 3
91 26 60 53 51 4 80 95 17 25 57 82 16 60 33 28 69 72 69 60
50 65
101 15 22 78 5 100 26 80 147 3 42 168 105 160 79 36 71 151 25 187 192 192 188 125 108 142 61 104 66 100 85 168 98 135 14 2 22 174 27 53 60 42 107 184 22 177 35 78 172 138 38 13 172 136 100 1 140 46 105 124 97 89 84 38 199 
87 63 53 50 46 50 80 29 60 72 93 9 13 1 3 56 20 83 45 71 9 32 34 62 92 37 79 14 59 98 94 19 39 14 74 34 66 24 34 84 56 95 56 60 86 36 4 95 22 18 59 3 55 93 6 16 58 61 20 31 3 5 95 1
50 249
22 178 161 181 71 68 154 123 42 104 85 85 123 24 181 47 12 166 140 81 53 157 46 130 95 100 73 30 21 197 37 157 16 9 174 105 62 6 124 144 120 123 151 62 63 118 117 107 69 187 111 44 93 0 21 71 33 176 40 22 183 153 199 49 99 76 16 60 104 37 0 180 65 155 25 185 133 35 157 62 35 150 131 156 55 147 115 174 103 89 163 24 89 124 89 118 12 85 165 55 93 27 122 81 198 118 79 31 34 39 35 133 1 43 9 184 168 196 41 84 136 125 29 90 34 168 10 198 142 64 180 68 191 74 70 184 165 99 139 116 106 135 23 90 104 44 81 31 31 73 150 186 195 160 126 41 166 144 8 175 141 12 1 101 48 16 74 128 159 113 191 67 171 92 148 176 178 0 128 24 65 169 61 38 32 54 183 63 149 151 108 143 197 5 97 86 81 196 63 118 15 122 148 37 17 118 61 86 45 152 157 41 16 128 140 66 193 90 149 147 83 33 16 3 154 145 68 46 2 64 172 31 135 102 58 179 144 176 153 187 66 117 20 99 105 75 31 93 180 
31 17 92 31 59 25 55 42 84 43 47 96 21 49 92 36 78 83 80 72 81 61 99 64 56 44 88 15 53 18 67 30 12 98 54 97 13 72 89 53 48 0 49 65 17 54 75 83 40 11 66 77 62 97 57 49 19 88 50 11 9 73 16 58 36 36 49 28 50 40 13 28 70 44 90 36 90 41 7 14 92 26 76 65 68 92 90 57 2 58 40 70 51 57 71 83 95 86 3 11 62 95 89 5 24 22 38 85 36 17 42 32 74 77 25 98 9 11 57 66 52 92 40 12 81 99 35 53 69 53 32 8 24 44 59 27 60 18 71 27 4 28 32 35 73 86 73 14 53 55 93 59 26 82 31 52 10 63 33 68 98 37 13 64 1 36 93 50 26 0 6 32 53 61 29 29 7 1 11 51 42 74 73 51 26 41 29 22 15 68 28 0 76 3 80 41 67 80 65 81 21 98 50 56 32 77 16 69 26 76 71 85 20 99 95 32 67 88 53 22 40 26 66 56 72 73 43 76 57 92 52 37 71 98 81 14 81 57 69 29 53 78 56 6 2 0 97 42
5 273
90 110 154 146 183 36 41 191 120 22 59 75 87 158 87 133 36 39 197 110 13 32 25 128 123 109 167 9 77 65 154 0 90 44 53 21 105 18 90 158 82 1 101 21 2 97 85 16 87 28 63 83 195 141 1 66 92 26 27 54 81 61 22 0 126 130 38 140 81 172 3 124 36 155 9 165 147 84 12 148 49 17 145 24 12 80 68 86 45 61 67 85 126 161 145 66 104 126 165 157 78 174 136 74 166 165 64 88 147 114 135 131 48 149 31 108 74 110 60 40 151 185 115 68 199 81 50 83 33 62 137 12 164 79 158 117 48 70 28 119 19 13 100 149 143 195 130 146 28 50 52 140 115 36 63 128 123 102 170 3 102 54 66 152 196 195 123 65 142 193 122 67 74 21 8 52 39 183 58 35 75 176 53 156 90 69 63 103 87 83 157 158 18 171 82 198 161 3 181 59 140 124 43 3 73 27 147 92 38 100 75 49 137 165 148 65 56 162 179 156 22 115 30 19 185 148 197 62 165 128 150 40 162 142 44 93 23 55 171 113 54 25 172 185 63 98 91 154 34 69 84 25 26 37 185 12 137 158 11 121 71 164 133 78 0 99 56 76 34 197 130 190 65 
61 1 76 51 50 75 85 80 60 3 66 22 95 23 90 12 10 40 16 95 72 91 72 7 73 29 98 8 98 75 56 13 43 36 12 6 21 96 58 2 91 67 72 95 15 87 48 73 34 61 3 9 32 9 70 38 55 53 96 17 43 81 63 12 12 90 62 13 43 17 55 72 25 30 85 65 94 8 13 65 36 41 58 15 25 0 84 86 62 0 56 55 35 43 60 43 1 47 87 34 42 15 37 89 57 37 14 53 87 59 69 83 98 19 40 55 95 70 31 18 54 9 6 35 30 26 29 20 18 47 44 5 10 57 45 2 26 64 70 3 72 85 85 48 8 84 34 27 97 83 78 29 44 38 39 26 28 45 40 9 66 77 5 98 56 48 2 69 94 9 50 51 53 59 70 66 95 78 90 47 62 26 57 10 93 81 5 29 94 26 12 8 88 93 12 2 82 98 34 40 49 20 36 12 90 61 54 30 84 28 78 49 83 85 2 47 21 5 25 73 96 0 11 54 38 58 38 25 73 26 24 68 26 45 25 89 53 74 96 26 80 1 79 4 23 61 13 47 45 8 36 46 76 13 71 47 75 13 94 34 30 70 83 48 67 6 83 16 2 18 11 82 
