4096
0
0.087890625
0.17578125
0.263671875
0.3515625
0.439453125
0.52734375
0.615234375
0.703125
0.791015625
0.87890625
0.966796875
1.0546875
1.142578125
1.23046875
1.318359375
1.40625
1.494140625
1.58203125
1.669921875
1.7578125
1.845703125
1.93359375
2.021484375
2.109375
2.197265625
2.28515625
2.373046875
2.4609375
2.548828125
2.63671875
2.724609375
2.8125
2.900390625
2.98828125
3.076171875
3.1640625
3.251953125
3.33984375
3.427734375
3.515625
3.603515625
3.69140625
3.779296875
3.8671875
3.955078125
4.04296875
4.130859375
4.21875
4.306640625
4.39453125
4.482421875
4.5703125
4.658203125
4.74609375
4.833984375
4.921875
5.009765625
5.09765625
5.185546875
5.2734375
5.361328125
5.44921875
5.537109375
5.625
5.712890625
5.80078125
5.888671875
5.9765625
6.064453125
6.15234375
6.240234375
6.328125
6.416015625
6.50390625
6.591796875
6.6796875
6.767578125
6.85546875
6.943359375
7.03125
7.119140625
7.20703125
7.294921875
7.3828125
7.470703125
7.55859375
7.646484375
7.734375
7.822265625
7.91015625
7.998046875
8.0859375
8.173828125
8.26171875
8.349609375
8.4375
8.525390625
8.61328125
8.701171875
8.7890625
8.876953125
8.96484375
9.052734375
9.140625
9.228515625
9.31640625
9.404296875
9.4921875
9.580078125
9.66796875
9.755859375
9.84375
9.931640625
10.01953125
10.107421875
10.1953125
10.283203125
10.37109375
10.458984375
10.546875
10.634765625
10.72265625
10.810546875
10.8984375
10.986328125
11.07421875
11.162109375
11.25
11.337890625
11.42578125
11.513671875
11.6015625
11.689453125
11.77734375
11.865234375
11.953125
12.041015625
12.12890625
12.216796875
12.3046875
12.392578125
12.48046875
12.568359375
12.65625
12.744140625
12.83203125
12.919921875
13.0078125
13.095703125
13.18359375
13.271484375
13.359375
13.447265625
13.53515625
13.623046875
13.7109375
13.798828125
13.88671875
13.974609375
14.0625
14.150390625
14.23828125
14.326171875
14.4140625
14.501953125
14.58984375
14.677734375
14.765625
14.853515625
14.94140625
15.029296875
15.1171875
15.205078125
15.29296875
15.380859375
15.46875
15.556640625
15.64453125
15.732421875
15.8203125
15.908203125
15.99609375
16.083984375
16.171875
16.259765625
16.34765625
16.435546875
16.5234375
16.611328125
16.69921875
16.787109375
16.875
16.962890625
17.05078125
17.138671875
17.2265625
17.314453125
17.40234375
17.490234375
17.578125
17.666015625
17.75390625
17.841796875
17.9296875
18.017578125
18.10546875
18.193359375
18.28125
18.369140625
18.45703125
18.544921875
18.6328125
18.720703125
18.80859375
18.896484375
18.984375
19.072265625
19.16015625
19.248046875
19.3359375
19.423828125
19.51171875
19.599609375
19.6875
19.775390625
19.86328125
19.951171875
20.0390625
20.126953125
20.21484375
20.302734375
20.390625
20.478515625
20.56640625
20.654296875
20.7421875
20.830078125
20.91796875
21.005859375
21.09375
21.181640625
21.26953125
21.357421875
21.4453125
21.533203125
21.62109375
21.708984375
21.796875
21.884765625
21.97265625
22.060546875
22.1484375
22.236328125
22.32421875
22.412109375
22.5
22.587890625
22.67578125
22.763671875
22.8515625
22.939453125
23.02734375
23.115234375
23.203125
23.291015625
23.37890625
23.466796875
23.5546875
23.642578125
23.73046875
23.818359375
23.90625
23.994140625
24.08203125
24.169921875
24.2578125
24.345703125
24.43359375
24.521484375
24.609375
24.697265625
24.78515625
24.873046875
24.9609375
25.048828125
25.13671875
25.224609375
25.3125
25.400390625
25.48828125
25.576171875
25.6640625
25.751953125
25.83984375
25.927734375
26.015625
26.103515625
26.19140625
26.279296875
26.3671875
26.455078125
26.54296875
26.630859375
26.71875
26.806640625
26.89453125
26.982421875
27.0703125
27.158203125
27.24609375
27.333984375
27.421875
27.509765625
27.59765625
27.685546875
27.7734375
27.861328125
27.94921875
28.037109375
28.125
28.212890625
28.30078125
28.388671875
28.4765625
28.564453125
28.65234375
28.740234375
28.828125
28.916015625
29.00390625
29.091796875
29.1796875
29.267578125
29.35546875
29.443359375
29.53125
29.619140625
29.70703125
29.794921875
29.8828125
29.970703125
30.05859375
30.146484375
30.234375
30.322265625
30.41015625
30.498046875
30.5859375
30.673828125
30.76171875
30.849609375
30.9375
31.025390625
31.11328125
31.201171875
31.2890625
31.376953125
31.46484375
31.552734375
31.640625
31.728515625
31.81640625
31.904296875
31.9921875
32.080078125
32.16796875
32.255859375
32.34375
32.431640625
32.51953125
32.607421875
32.6953125
32.783203125
32.87109375
32.958984375
33.046875
33.134765625
33.22265625
33.310546875
33.3984375
33.486328125
33.57421875
33.662109375
33.75
33.837890625
33.92578125
34.013671875
34.1015625
34.189453125
34.27734375
34.365234375
34.453125
34.541015625
34.62890625
34.716796875
34.8046875
34.892578125
34.98046875
35.068359375
35.15625
35.244140625
35.33203125
35.419921875
35.5078125
35.595703125
35.68359375
35.771484375
35.859375
35.947265625
36.03515625
36.123046875
36.2109375
36.298828125
36.38671875
36.474609375
36.5625
36.650390625
36.73828125
36.826171875
36.9140625
37.001953125
37.08984375
37.177734375
37.265625
37.353515625
37.44140625
37.529296875
37.6171875
37.705078125
37.79296875
37.880859375
37.96875
38.056640625
38.14453125
38.232421875
38.3203125
38.408203125
38.49609375
38.583984375
38.671875
38.759765625
38.84765625
38.935546875
39.0234375
39.111328125
39.19921875
39.287109375
39.375
39.462890625
39.55078125
39.638671875
39.7265625
39.814453125
39.90234375
39.990234375
40.078125
40.166015625
40.25390625
40.341796875
40.4296875
40.517578125
40.60546875
40.693359375
40.78125
40.869140625
40.95703125
41.044921875
41.1328125
41.220703125
41.30859375
41.396484375
41.484375
41.572265625
41.66015625
41.748046875
41.8359375
41.923828125
42.01171875
42.099609375
42.1875
42.275390625
42.36328125
42.451171875
42.5390625
42.626953125
42.71484375
42.802734375
42.890625
42.978515625
43.06640625
43.154296875
43.2421875
43.330078125
43.41796875
43.505859375
43.59375
43.681640625
43.76953125
43.857421875
43.9453125
44.033203125
44.12109375
44.208984375
44.296875
44.384765625
44.47265625
44.560546875
44.6484375
44.736328125
44.82421875
44.912109375
45.0
45.087890625
45.17578125
45.263671875
45.3515625
45.439453125
45.52734375
45.615234375
45.703125
45.791015625
45.87890625
45.966796875
46.0546875
46.142578125
46.23046875
46.318359375
46.40625
46.494140625
46.58203125
46.669921875
46.7578125
46.845703125
46.93359375
47.021484375
47.109375
47.197265625
47.28515625
47.373046875
47.4609375
47.548828125
47.63671875
47.724609375
47.8125
47.900390625
47.98828125
48.076171875
48.1640625
48.251953125
48.33984375
48.427734375
48.515625
48.603515625
48.69140625
48.779296875
48.8671875
48.955078125
49.04296875
49.130859375
49.21875
49.306640625
49.39453125
49.482421875
49.5703125
49.658203125
49.74609375
49.833984375
49.921875
50.009765625
50.09765625
50.185546875
50.2734375
50.361328125
50.44921875
50.537109375
50.625
50.712890625
50.80078125
50.888671875
50.9765625
51.064453125
51.15234375
51.240234375
51.328125
51.416015625
51.50390625
51.591796875
51.6796875
51.767578125
51.85546875
51.943359375
52.03125
52.119140625
52.20703125
52.294921875
52.3828125
52.470703125
52.55859375
52.646484375
52.734375
52.822265625
52.91015625
52.998046875
53.0859375
53.173828125
53.26171875
53.349609375
53.4375
53.525390625
53.61328125
53.701171875
53.7890625
53.876953125
53.96484375
54.052734375
54.140625
54.228515625
54.31640625
54.404296875
54.4921875
54.580078125
54.66796875
54.755859375
54.84375
54.931640625
55.01953125
55.107421875
55.1953125
55.283203125
55.37109375
55.458984375
55.546875
55.634765625
55.72265625
55.810546875
55.8984375
55.986328125
56.07421875
56.162109375
56.25
56.337890625
56.42578125
56.513671875
56.6015625
56.689453125
56.77734375
56.865234375
56.953125
57.041015625
57.12890625
57.216796875
57.3046875
57.392578125
57.48046875
57.568359375
57.65625
57.744140625
57.83203125
57.919921875
58.0078125
58.095703125
58.18359375
58.271484375
58.359375
58.447265625
58.53515625
58.623046875
58.7109375
58.798828125
58.88671875
58.974609375
59.0625
59.150390625
59.23828125
59.326171875
59.4140625
59.501953125
59.58984375
59.677734375
59.765625
59.853515625
59.94140625
60.029296875
60.1171875
60.205078125
60.29296875
60.380859375
60.46875
60.556640625
60.64453125
60.732421875
60.8203125
60.908203125
60.99609375
61.083984375
61.171875
61.259765625
61.34765625
61.435546875
61.5234375
61.611328125
61.69921875
61.787109375
61.875
61.962890625
62.05078125
62.138671875
62.2265625
62.314453125
62.40234375
62.490234375
62.578125
62.666015625
62.75390625
62.841796875
62.9296875
63.017578125
63.10546875
63.193359375
63.28125
63.369140625
63.45703125
63.544921875
63.6328125
63.720703125
63.80859375
63.896484375
63.984375
64.072265625
64.16015625
64.248046875
64.3359375
64.423828125
64.51171875
64.599609375
64.6875
64.775390625
64.86328125
64.951171875
65.0390625
65.126953125
65.21484375
65.302734375
65.390625
65.478515625
65.56640625
65.654296875
65.7421875
65.830078125
65.91796875
66.005859375
66.09375
66.181640625
66.26953125
66.357421875
66.4453125
66.533203125
66.62109375
66.708984375
66.796875
66.884765625
66.97265625
67.060546875
67.1484375
67.236328125
67.32421875
67.412109375
67.5
67.587890625
67.67578125
67.763671875
67.8515625
67.939453125
68.02734375
68.115234375
68.203125
68.291015625
68.37890625
68.466796875
68.5546875
68.642578125
68.73046875
68.818359375
68.90625
68.994140625
69.08203125
69.169921875
69.2578125
69.345703125
69.43359375
69.521484375
69.609375
69.697265625
69.78515625
69.873046875
69.9609375
70.048828125
70.13671875
70.224609375
70.3125
70.400390625
70.48828125
70.576171875
70.6640625
70.751953125
70.83984375
70.927734375
71.015625
71.103515625
71.19140625
71.279296875
71.3671875
71.455078125
71.54296875
71.630859375
71.71875
71.806640625
71.89453125
71.982421875
72.0703125
72.158203125
72.24609375
72.333984375
72.421875
72.509765625
72.59765625
72.685546875
72.7734375
72.861328125
72.94921875
73.037109375
73.125
73.212890625
73.30078125
73.388671875
73.4765625
73.564453125
73.65234375
73.740234375
73.828125
73.916015625
74.00390625
74.091796875
74.1796875
74.267578125
74.35546875
74.443359375
74.53125
74.619140625
74.70703125
74.794921875
74.8828125
74.970703125
75.05859375
75.146484375
75.234375
75.322265625
75.41015625
75.498046875
75.5859375
75.673828125
75.76171875
75.849609375
75.9375
76.025390625
76.11328125
76.201171875
76.2890625
76.376953125
76.46484375
76.552734375
76.640625
76.728515625
76.81640625
76.904296875
76.9921875
77.080078125
77.16796875
77.255859375
77.34375
77.431640625
77.51953125
77.607421875
77.6953125
77.783203125
77.87109375
77.958984375
78.046875
78.134765625
78.22265625
78.310546875
78.3984375
78.486328125
78.57421875
78.662109375
78.75
78.837890625
78.92578125
79.013671875
79.1015625
79.189453125
79.27734375
79.365234375
79.453125
79.541015625
79.62890625
79.716796875
79.8046875
79.892578125
79.98046875
80.068359375
80.15625
80.244140625
80.33203125
80.419921875
80.5078125
80.595703125
80.68359375
80.771484375
80.859375
80.947265625
81.03515625
81.123046875
81.2109375
81.298828125
81.38671875
81.474609375
81.5625
81.650390625
81.73828125
81.826171875
81.9140625
82.001953125
82.08984375
82.177734375
82.265625
82.353515625
82.44140625
82.529296875
82.6171875
82.705078125
82.79296875
82.880859375
82.96875
83.056640625
83.14453125
83.232421875
83.3203125
83.408203125
83.49609375
83.583984375
83.671875
83.759765625
83.84765625
83.935546875
84.0234375
84.111328125
84.19921875
84.287109375
84.375
84.462890625
84.55078125
84.638671875
84.7265625
84.814453125
84.90234375
84.990234375
85.078125
85.166015625
85.25390625
85.341796875
85.4296875
85.517578125
85.60546875
85.693359375
85.78125
85.869140625
85.95703125
86.044921875
86.1328125
86.220703125
86.30859375
86.396484375
86.484375
86.572265625
86.66015625
86.748046875
86.8359375
86.923828125
87.01171875
87.099609375
87.1875
87.275390625
87.36328125
87.451171875
87.5390625
87.626953125
87.71484375
87.802734375
87.890625
87.978515625
88.06640625
88.154296875
88.2421875
88.330078125
88.41796875
88.505859375
88.59375
88.681640625
88.76953125
88.857421875
88.9453125
89.033203125
89.12109375
89.208984375
89.296875
89.384765625
89.47265625
89.560546875
89.6484375
89.736328125
89.82421875
89.912109375
90
90.087890625
90.17578125
90.263671875
90.3515625
90.439453125
90.52734375
90.615234375
90.703125
90.791015625
90.87890625
90.966796875
91.0546875
91.142578125
91.23046875
91.318359375
91.40625
91.494140625
91.58203125
91.669921875
91.7578125
91.845703125
91.93359375
92.021484375
92.109375
92.197265625
92.28515625
92.373046875
92.4609375
92.548828125
92.63671875
92.724609375
92.8125
92.900390625
92.98828125
93.076171875
93.1640625
93.251953125
93.33984375
93.427734375
93.515625
93.603515625
93.69140625
93.779296875
93.8671875
93.955078125
94.04296875
94.130859375
94.21875
94.306640625
94.39453125
94.482421875
94.5703125
94.658203125
94.74609375
94.833984375
94.921875
95.009765625
95.09765625
95.185546875
95.2734375
95.361328125
95.44921875
95.537109375
95.625
95.712890625
95.80078125
95.888671875
95.9765625
96.064453125
96.15234375
96.240234375
96.328125
96.416015625
96.50390625
96.591796875
96.6796875
96.767578125
96.85546875
96.943359375
97.03125
97.119140625
97.20703125
97.294921875
97.3828125
97.470703125
97.55859375
97.646484375
97.734375
97.822265625
97.91015625
97.998046875
98.0859375
98.173828125
98.26171875
98.349609375
98.4375
98.525390625
98.61328125
98.701171875
98.7890625
98.876953125
98.96484375
99.052734375
99.140625
99.228515625
99.31640625
99.404296875
99.4921875
99.580078125
99.66796875
99.755859375
99.84375
99.931640625
100.01953125
100.107421875
100.1953125
100.283203125
100.37109375
100.458984375
100.546875
100.634765625
100.72265625
100.810546875
100.8984375
100.986328125
101.07421875
101.162109375
101.25
101.337890625
101.42578125
101.513671875
101.6015625
101.689453125
101.77734375
101.865234375
101.953125
102.041015625
102.12890625
102.216796875
102.3046875
102.392578125
102.48046875
102.568359375
102.65625
102.744140625
102.83203125
102.919921875
103.0078125
103.095703125
103.18359375
103.271484375
103.359375
103.447265625
103.53515625
103.623046875
103.7109375
103.798828125
103.88671875
103.974609375
104.0625
104.150390625
104.23828125
104.326171875
104.4140625
104.501953125
104.58984375
104.677734375
104.765625
104.853515625
104.94140625
105.029296875
105.1171875
105.205078125
105.29296875
105.380859375
105.46875
105.556640625
105.64453125
105.732421875
105.8203125
105.908203125
105.99609375
106.083984375
106.171875
106.259765625
106.34765625
106.435546875
106.5234375
106.611328125
106.69921875
106.787109375
106.875
106.962890625
107.05078125
107.138671875
107.2265625
107.314453125
107.40234375
107.490234375
107.578125
107.666015625
107.75390625
107.841796875
107.9296875
108.017578125
108.10546875
108.193359375
108.28125
108.369140625
108.45703125
108.544921875
108.6328125
108.720703125
108.80859375
108.896484375
108.984375
109.072265625
109.16015625
109.248046875
109.3359375
109.423828125
109.51171875
109.599609375
109.6875
109.775390625
109.86328125
109.951171875
110.0390625
110.126953125
110.21484375
110.302734375
110.390625
110.478515625
110.56640625
110.654296875
110.7421875
110.830078125
110.91796875
111.005859375
111.09375
111.181640625
111.26953125
111.357421875
111.4453125
111.533203125
111.62109375
111.708984375
111.796875
111.884765625
111.97265625
112.060546875
112.1484375
112.236328125
112.32421875
112.412109375
112.5
112.587890625
112.67578125
112.763671875
112.8515625
112.939453125
113.02734375
113.115234375
113.203125
113.291015625
113.37890625
113.466796875
113.5546875
113.642578125
113.73046875
113.818359375
113.90625
113.994140625
114.08203125
114.169921875
114.2578125
114.345703125
114.43359375
114.521484375
114.609375
114.697265625
114.78515625
114.873046875
114.9609375
115.048828125
115.13671875
115.224609375
115.3125
115.400390625
115.48828125
115.576171875
115.6640625
115.751953125
115.83984375
115.927734375
116.015625
116.103515625
116.19140625
116.279296875
116.3671875
116.455078125
116.54296875
116.630859375
116.71875
116.806640625
116.89453125
116.982421875
117.0703125
117.158203125
117.24609375
117.333984375
117.421875
117.509765625
117.59765625
117.685546875
117.7734375
117.861328125
117.94921875
118.037109375
118.125
118.212890625
118.30078125
118.388671875
118.4765625
118.564453125
118.65234375
118.740234375
118.828125
118.916015625
119.00390625
119.091796875
119.1796875
119.267578125
119.35546875
119.443359375
119.53125
119.619140625
119.70703125
119.794921875
119.8828125
119.970703125
120.05859375
120.146484375
120.234375
120.322265625
120.41015625
120.498046875
120.5859375
120.673828125
120.76171875
120.849609375
120.9375
121.025390625
121.11328125
121.201171875
121.2890625
121.376953125
121.46484375
121.552734375
121.640625
121.728515625
121.81640625
121.904296875
121.9921875
122.080078125
122.16796875
122.255859375
122.34375
122.431640625
122.51953125
122.607421875
122.6953125
122.783203125
122.87109375
122.958984375
123.046875
123.134765625
123.22265625
123.310546875
123.3984375
123.486328125
123.57421875
123.662109375
123.75
123.837890625
123.92578125
124.013671875
124.1015625
124.189453125
124.27734375
124.365234375
124.453125
124.541015625
124.62890625
124.716796875
124.8046875
124.892578125
124.98046875
125.068359375
125.15625
125.244140625
125.33203125
125.419921875
125.5078125
125.595703125
125.68359375
125.771484375
125.859375
125.947265625
126.03515625
126.123046875
126.2109375
126.298828125
126.38671875
126.474609375
126.5625
126.650390625
126.73828125
126.826171875
126.9140625
127.001953125
127.08984375
127.177734375
127.265625
127.353515625
127.44140625
127.529296875
127.6171875
127.705078125
127.79296875
127.880859375
127.96875
128.056640625
128.14453125
128.232421875
128.3203125
128.408203125
128.49609375
128.583984375
128.671875
128.759765625
128.84765625
128.935546875
129.0234375
129.111328125
129.19921875
129.287109375
129.375
129.462890625
129.55078125
129.638671875
129.7265625
129.814453125
129.90234375
129.990234375
130.078125
130.166015625
130.25390625
130.341796875
130.4296875
130.517578125
130.60546875
130.693359375
130.78125
130.869140625
130.95703125
131.044921875
131.1328125
131.220703125
131.30859375
131.396484375
131.484375
131.572265625
131.66015625
131.748046875
131.8359375
131.923828125
132.01171875
132.099609375
132.1875
132.275390625
132.36328125
132.451171875
132.5390625
132.626953125
132.71484375
132.802734375
132.890625
132.978515625
133.06640625
133.154296875
133.2421875
133.330078125
133.41796875
133.505859375
133.59375
133.681640625
133.76953125
133.857421875
133.9453125
134.033203125
134.12109375
134.208984375
134.296875
134.384765625
134.47265625
134.560546875
134.6484375
134.736328125
134.82421875
134.912109375
135.0
135.087890625
135.17578125
135.263671875
135.3515625
135.439453125
135.52734375
135.615234375
135.703125
135.791015625
135.87890625
135.966796875
136.0546875
136.142578125
136.23046875
136.318359375
136.40625
136.494140625
136.58203125
136.669921875
136.7578125
136.845703125
136.93359375
137.021484375
137.109375
137.197265625
137.28515625
137.373046875
137.4609375
137.548828125
137.63671875
137.724609375
137.8125
137.900390625
137.98828125
138.076171875
138.1640625
138.251953125
138.33984375
138.427734375
138.515625
138.603515625
138.69140625
138.779296875
138.8671875
138.955078125
139.04296875
139.130859375
139.21875
139.306640625
139.39453125
139.482421875
139.5703125
139.658203125
139.74609375
139.833984375
139.921875
140.009765625
140.09765625
140.185546875
140.2734375
140.361328125
140.44921875
140.537109375
140.625
140.712890625
140.80078125
140.888671875
140.9765625
141.064453125
141.15234375
141.240234375
141.328125
141.416015625
141.50390625
141.591796875
141.6796875
141.767578125
141.85546875
141.943359375
142.03125
142.119140625
142.20703125
142.294921875
142.3828125
142.470703125
142.55859375
142.646484375
142.734375
142.822265625
142.91015625
142.998046875
143.0859375
143.173828125
143.26171875
143.349609375
143.4375
143.525390625
143.61328125
143.701171875
143.7890625
143.876953125
143.96484375
144.052734375
144.140625
144.228515625
144.31640625
144.404296875
144.4921875
144.580078125
144.66796875
144.755859375
144.84375
144.931640625
145.01953125
145.107421875
145.1953125
145.283203125
145.37109375
145.458984375
145.546875
145.634765625
145.72265625
145.810546875
145.8984375
145.986328125
146.07421875
146.162109375
146.25
146.337890625
146.42578125
146.513671875
146.6015625
146.689453125
146.77734375
146.865234375
146.953125
147.041015625
147.12890625
147.216796875
147.3046875
147.392578125
147.48046875
147.568359375
147.65625
147.744140625
147.83203125
147.919921875
148.0078125
148.095703125
148.18359375
148.271484375
148.359375
148.447265625
148.53515625
148.623046875
148.7109375
148.798828125
148.88671875
148.974609375
149.0625
149.150390625
149.23828125
149.326171875
149.4140625
149.501953125
149.58984375
149.677734375
149.765625
149.853515625
149.94140625
150.029296875
150.1171875
150.205078125
150.29296875
150.380859375
150.46875
150.556640625
150.64453125
150.732421875
150.8203125
150.908203125
150.99609375
151.083984375
151.171875
151.259765625
151.34765625
151.435546875
151.5234375
151.611328125
151.69921875
151.787109375
151.875
151.962890625
152.05078125
152.138671875
152.2265625
152.314453125
152.40234375
152.490234375
152.578125
152.666015625
152.75390625
152.841796875
152.9296875
153.017578125
153.10546875
153.193359375
153.28125
153.369140625
153.45703125
153.544921875
153.6328125
153.720703125
153.80859375
153.896484375
153.984375
154.072265625
154.16015625
154.248046875
154.3359375
154.423828125
154.51171875
154.599609375
154.6875
154.775390625
154.86328125
154.951171875
155.0390625
155.126953125
155.21484375
155.302734375
155.390625
155.478515625
155.56640625
155.654296875
155.7421875
155.830078125
155.91796875
156.005859375
156.09375
156.181640625
156.26953125
156.357421875
156.4453125
156.533203125
156.62109375
156.708984375
156.796875
156.884765625
156.97265625
157.060546875
157.1484375
157.236328125
157.32421875
157.412109375
157.5
157.587890625
157.67578125
157.763671875
157.8515625
157.939453125
158.02734375
158.115234375
158.203125
158.291015625
158.37890625
158.466796875
158.5546875
158.642578125
158.73046875
158.818359375
158.90625
158.994140625
159.08203125
159.169921875
159.2578125
159.345703125
159.43359375
159.521484375
159.609375
159.697265625
159.78515625
159.873046875
159.9609375
160.048828125
160.13671875
160.224609375
160.3125
160.400390625
160.48828125
160.576171875
160.6640625
160.751953125
160.83984375
160.927734375
161.015625
161.103515625
161.19140625
161.279296875
161.3671875
161.455078125
161.54296875
161.630859375
161.71875
161.806640625
161.89453125
161.982421875
162.0703125
162.158203125
162.24609375
162.333984375
162.421875
162.509765625
162.59765625
162.685546875
162.7734375
162.861328125
162.94921875
163.037109375
163.125
163.212890625
163.30078125
163.388671875
163.4765625
163.564453125
163.65234375
163.740234375
163.828125
163.916015625
164.00390625
164.091796875
164.1796875
164.267578125
164.35546875
164.443359375
164.53125
164.619140625
164.70703125
164.794921875
164.8828125
164.970703125
165.05859375
165.146484375
165.234375
165.322265625
165.41015625
165.498046875
165.5859375
165.673828125
165.76171875
165.849609375
165.9375
166.025390625
166.11328125
166.201171875
166.2890625
166.376953125
166.46484375
166.552734375
166.640625
166.728515625
166.81640625
166.904296875
166.9921875
167.080078125
167.16796875
167.255859375
167.34375
167.431640625
167.51953125
167.607421875
167.6953125
167.783203125
167.87109375
167.958984375
168.046875
168.134765625
168.22265625
168.310546875
168.3984375
168.486328125
168.57421875
168.662109375
168.75
168.837890625
168.92578125
169.013671875
169.1015625
169.189453125
169.27734375
169.365234375
169.453125
169.541015625
169.62890625
169.716796875
169.8046875
169.892578125
169.98046875
170.068359375
170.15625
170.244140625
170.33203125
170.419921875
170.5078125
170.595703125
170.68359375
170.771484375
170.859375
170.947265625
171.03515625
171.123046875
171.2109375
171.298828125
171.38671875
171.474609375
171.5625
171.650390625
171.73828125
171.826171875
171.9140625
172.001953125
172.08984375
172.177734375
172.265625
172.353515625
172.44140625
172.529296875
172.6171875
172.705078125
172.79296875
172.880859375
172.96875
173.056640625
173.14453125
173.232421875
173.3203125
173.408203125
173.49609375
173.583984375
173.671875
173.759765625
173.84765625
173.935546875
174.0234375
174.111328125
174.19921875
174.287109375
174.375
174.462890625
174.55078125
174.638671875
174.7265625
174.814453125
174.90234375
174.990234375
175.078125
175.166015625
175.25390625
175.341796875
175.4296875
175.517578125
175.60546875
175.693359375
175.78125
175.869140625
175.95703125
176.044921875
176.1328125
176.220703125
176.30859375
176.396484375
176.484375
176.572265625
176.66015625
176.748046875
176.8359375
176.923828125
177.01171875
177.099609375
177.1875
177.275390625
177.36328125
177.451171875
177.5390625
177.626953125
177.71484375
177.802734375
177.890625
177.978515625
178.06640625
178.154296875
178.2421875
178.330078125
178.41796875
178.505859375
178.59375
178.681640625
178.76953125
178.857421875
178.9453125
179.033203125
179.12109375
179.208984375
179.296875
179.384765625
179.47265625
179.560546875
179.6484375
179.736328125
179.82421875
179.912109375
180
180.087890625
180.17578125
180.263671875
180.3515625
180.439453125
180.52734375
180.615234375
180.703125
180.791015625
180.87890625
180.966796875
181.0546875
181.142578125
181.23046875
181.318359375
181.40625
181.494140625
181.58203125
181.669921875
181.7578125
181.845703125
181.93359375
182.021484375
182.109375
182.197265625
182.28515625
182.373046875
182.4609375
182.548828125
182.63671875
182.724609375
182.8125
182.900390625
182.98828125
183.076171875
183.1640625
183.251953125
183.33984375
183.427734375
183.515625
183.603515625
183.69140625
183.779296875
183.8671875
183.955078125
184.04296875
184.130859375
184.21875
184.306640625
184.39453125
184.482421875
184.5703125
184.658203125
184.74609375
184.833984375
184.921875
185.009765625
185.09765625
185.185546875
185.2734375
185.361328125
185.44921875
185.537109375
185.625
185.712890625
185.80078125
185.888671875
185.9765625
186.064453125
186.15234375
186.240234375
186.328125
186.416015625
186.50390625
186.591796875
186.6796875
186.767578125
186.85546875
186.943359375
187.03125
187.119140625
187.20703125
187.294921875
187.3828125
187.470703125
187.55859375
187.646484375
187.734375
187.822265625
187.91015625
187.998046875
188.0859375
188.173828125
188.26171875
188.349609375
188.4375
188.525390625
188.61328125
188.701171875
188.7890625
188.876953125
188.96484375
189.052734375
189.140625
189.228515625
189.31640625
189.404296875
189.4921875
189.580078125
189.66796875
189.755859375
189.84375
189.931640625
190.01953125
190.107421875
190.1953125
190.283203125
190.37109375
190.458984375
190.546875
190.634765625
190.72265625
190.810546875
190.8984375
190.986328125
191.07421875
191.162109375
191.25
191.337890625
191.42578125
191.513671875
191.6015625
191.689453125
191.77734375
191.865234375
191.953125
192.041015625
192.12890625
192.216796875
192.3046875
192.392578125
192.48046875
192.568359375
192.65625
192.744140625
192.83203125
192.919921875
193.0078125
193.095703125
193.18359375
193.271484375
193.359375
193.447265625
193.53515625
193.623046875
193.7109375
193.798828125
193.88671875
193.974609375
194.0625
194.150390625
194.23828125
194.326171875
194.4140625
194.501953125
194.58984375
194.677734375
194.765625
194.853515625
194.94140625
195.029296875
195.1171875
195.205078125
195.29296875
195.380859375
195.46875
195.556640625
195.64453125
195.732421875
195.8203125
195.908203125
195.99609375
196.083984375
196.171875
196.259765625
196.34765625
196.435546875
196.5234375
196.611328125
196.69921875
196.787109375
196.875
196.962890625
197.05078125
197.138671875
197.2265625
197.314453125
197.40234375
197.490234375
197.578125
197.666015625
197.75390625
197.841796875
197.9296875
198.017578125
198.10546875
198.193359375
198.28125
198.369140625
198.45703125
198.544921875
198.6328125
198.720703125
198.80859375
198.896484375
198.984375
199.072265625
199.16015625
199.248046875
199.3359375
199.423828125
199.51171875
199.599609375
199.6875
199.775390625
199.86328125
199.951171875
200.0390625
200.126953125
200.21484375
200.302734375
200.390625
200.478515625
200.56640625
200.654296875
200.7421875
200.830078125
200.91796875
201.005859375
201.09375
201.181640625
201.26953125
201.357421875
201.4453125
201.533203125
201.62109375
201.708984375
201.796875
201.884765625
201.97265625
202.060546875
202.1484375
202.236328125
202.32421875
202.412109375
202.5
202.587890625
202.67578125
202.763671875
202.8515625
202.939453125
203.02734375
203.115234375
203.203125
203.291015625
203.37890625
203.466796875
203.5546875
203.642578125
203.73046875
203.818359375
203.90625
203.994140625
204.08203125
204.169921875
204.2578125
204.345703125
204.43359375
204.521484375
204.609375
204.697265625
204.78515625
204.873046875
204.9609375
205.048828125
205.13671875
205.224609375
205.3125
205.400390625
205.48828125
205.576171875
205.6640625
205.751953125
205.83984375
205.927734375
206.015625
206.103515625
206.19140625
206.279296875
206.3671875
206.455078125
206.54296875
206.630859375
206.71875
206.806640625
206.89453125
206.982421875
207.0703125
207.158203125
207.24609375
207.333984375
207.421875
207.509765625
207.59765625
207.685546875
207.7734375
207.861328125
207.94921875
208.037109375
208.125
208.212890625
208.30078125
208.388671875
208.4765625
208.564453125
208.65234375
208.740234375
208.828125
208.916015625
209.00390625
209.091796875
209.1796875
209.267578125
209.35546875
209.443359375
209.53125
209.619140625
209.70703125
209.794921875
209.8828125
209.970703125
210.05859375
210.146484375
210.234375
210.322265625
210.41015625
210.498046875
210.5859375
210.673828125
210.76171875
210.849609375
210.9375
211.025390625
211.11328125
211.201171875
211.2890625
211.376953125
211.46484375
211.552734375
211.640625
211.728515625
211.81640625
211.904296875
211.9921875
212.080078125
212.16796875
212.255859375
212.34375
212.431640625
212.51953125
212.607421875
212.6953125
212.783203125
212.87109375
212.958984375
213.046875
213.134765625
213.22265625
213.310546875
213.3984375
213.486328125
213.57421875
213.662109375
213.75
213.837890625
213.92578125
214.013671875
214.1015625
214.189453125
214.27734375
214.365234375
214.453125
214.541015625
214.62890625
214.716796875
214.8046875
214.892578125
214.98046875
215.068359375
215.15625
215.244140625
215.33203125
215.419921875
215.5078125
215.595703125
215.68359375
215.771484375
215.859375
215.947265625
216.03515625
216.123046875
216.2109375
216.298828125
216.38671875
216.474609375
216.5625
216.650390625
216.73828125
216.826171875
216.9140625
217.001953125
217.08984375
217.177734375
217.265625
217.353515625
217.44140625
217.529296875
217.6171875
217.705078125
217.79296875
217.880859375
217.96875
218.056640625
218.14453125
218.232421875
218.3203125
218.408203125
218.49609375
218.583984375
218.671875
218.759765625
218.84765625
218.935546875
219.0234375
219.111328125
219.19921875
219.287109375
219.375
219.462890625
219.55078125
219.638671875
219.7265625
219.814453125
219.90234375
219.990234375
220.078125
220.166015625
220.25390625
220.341796875
220.4296875
220.517578125
220.60546875
220.693359375
220.78125
220.869140625
220.95703125
221.044921875
221.1328125
221.220703125
221.30859375
221.396484375
221.484375
221.572265625
221.66015625
221.748046875
221.8359375
221.923828125
222.01171875
222.099609375
222.1875
222.275390625
222.36328125
222.451171875
222.5390625
222.626953125
222.71484375
222.802734375
222.890625
222.978515625
223.06640625
223.154296875
223.2421875
223.330078125
223.41796875
223.505859375
223.59375
223.681640625
223.76953125
223.857421875
223.9453125
224.033203125
224.12109375
224.208984375
224.296875
224.384765625
224.47265625
224.560546875
224.6484375
224.736328125
224.82421875
224.912109375
225.0
225.087890625
225.17578125
225.263671875
225.3515625
225.439453125
225.52734375
225.615234375
225.703125
225.791015625
225.87890625
225.966796875
226.0546875
226.142578125
226.23046875
226.318359375
226.40625
226.494140625
226.58203125
226.669921875
226.7578125
226.845703125
226.93359375
227.021484375
227.109375
227.197265625
227.28515625
227.373046875
227.4609375
227.548828125
227.63671875
227.724609375
227.8125
227.900390625
227.98828125
228.076171875
228.1640625
228.251953125
228.33984375
228.427734375
228.515625
228.603515625
228.69140625
228.779296875
228.8671875
228.955078125
229.04296875
229.130859375
229.21875
229.306640625
229.39453125
229.482421875
229.5703125
229.658203125
229.74609375
229.833984375
229.921875
230.009765625
230.09765625
230.185546875
230.2734375
230.361328125
230.44921875
230.537109375
230.625
230.712890625
230.80078125
230.888671875
230.9765625
231.064453125
231.15234375
231.240234375
231.328125
231.416015625
231.50390625
231.591796875
231.6796875
231.767578125
231.85546875
231.943359375
232.03125
232.119140625
232.20703125
232.294921875
232.3828125
232.470703125
232.55859375
232.646484375
232.734375
232.822265625
232.91015625
232.998046875
233.0859375
233.173828125
233.26171875
233.349609375
233.4375
233.525390625
233.61328125
233.701171875
233.7890625
233.876953125
233.96484375
234.052734375
234.140625
234.228515625
234.31640625
234.404296875
234.4921875
234.580078125
234.66796875
234.755859375
234.84375
234.931640625
235.01953125
235.107421875
235.1953125
235.283203125
235.37109375
235.458984375
235.546875
235.634765625
235.72265625
235.810546875
235.8984375
235.986328125
236.07421875
236.162109375
236.25
236.337890625
236.42578125
236.513671875
236.6015625
236.689453125
236.77734375
236.865234375
236.953125
237.041015625
237.12890625
237.216796875
237.3046875
237.392578125
237.48046875
237.568359375
237.65625
237.744140625
237.83203125
237.919921875
238.0078125
238.095703125
238.18359375
238.271484375
238.359375
238.447265625
238.53515625
238.623046875
238.7109375
238.798828125
238.88671875
238.974609375
239.0625
239.150390625
239.23828125
239.326171875
239.4140625
239.501953125
239.58984375
239.677734375
239.765625
239.853515625
239.94140625
240.029296875
240.1171875
240.205078125
240.29296875
240.380859375
240.46875
240.556640625
240.64453125
240.732421875
240.8203125
240.908203125
240.99609375
241.083984375
241.171875
241.259765625
241.34765625
241.435546875
241.5234375
241.611328125
241.69921875
241.787109375
241.875
241.962890625
242.05078125
242.138671875
242.2265625
242.314453125
242.40234375
242.490234375
242.578125
242.666015625
242.75390625
242.841796875
242.9296875
243.017578125
243.10546875
243.193359375
243.28125
243.369140625
243.45703125
243.544921875
243.6328125
243.720703125
243.80859375
243.896484375
243.984375
244.072265625
244.16015625
244.248046875
244.3359375
244.423828125
244.51171875
244.599609375
244.6875
244.775390625
244.86328125
244.951171875
245.0390625
245.126953125
245.21484375
245.302734375
245.390625
245.478515625
245.56640625
245.654296875
245.7421875
245.830078125
245.91796875
246.005859375
246.09375
246.181640625
246.26953125
246.357421875
246.4453125
246.533203125
246.62109375
246.708984375
246.796875
246.884765625
246.97265625
247.060546875
247.1484375
247.236328125
247.32421875
247.412109375
247.5
247.587890625
247.67578125
247.763671875
247.8515625
247.939453125
248.02734375
248.115234375
248.203125
248.291015625
248.37890625
248.466796875
248.5546875
248.642578125
248.73046875
248.818359375
248.90625
248.994140625
249.08203125
249.169921875
249.2578125
249.345703125
249.43359375
249.521484375
249.609375
249.697265625
249.78515625
249.873046875
249.9609375
250.048828125
250.13671875
250.224609375
250.3125
250.400390625
250.48828125
250.576171875
250.6640625
250.751953125
250.83984375
250.927734375
251.015625
251.103515625
251.19140625
251.279296875
251.3671875
251.455078125
251.54296875
251.630859375
251.71875
251.806640625
251.89453125
251.982421875
252.0703125
252.158203125
252.24609375
252.333984375
252.421875
252.509765625
252.59765625
252.685546875
252.7734375
252.861328125
252.94921875
253.037109375
253.125
253.212890625
253.30078125
253.388671875
253.4765625
253.564453125
253.65234375
253.740234375
253.828125
253.916015625
254.00390625
254.091796875
254.1796875
254.267578125
254.35546875
254.443359375
254.53125
254.619140625
254.70703125
254.794921875
254.8828125
254.970703125
255.05859375
255.146484375
255.234375
255.322265625
255.41015625
255.498046875
255.5859375
255.673828125
255.76171875
255.849609375
255.9375
256.025390625
256.11328125
256.201171875
256.2890625
256.376953125
256.46484375
256.552734375
256.640625
256.728515625
256.81640625
256.904296875
256.9921875
257.080078125
257.16796875
257.255859375
257.34375
257.431640625
257.51953125
257.607421875
257.6953125
257.783203125
257.87109375
257.958984375
258.046875
258.134765625
258.22265625
258.310546875
258.3984375
258.486328125
258.57421875
258.662109375
258.75
258.837890625
258.92578125
259.013671875
259.1015625
259.189453125
259.27734375
259.365234375
259.453125
259.541015625
259.62890625
259.716796875
259.8046875
259.892578125
259.98046875
260.068359375
260.15625
260.244140625
260.33203125
260.419921875
260.5078125
260.595703125
260.68359375
260.771484375
260.859375
260.947265625
261.03515625
261.123046875
261.2109375
261.298828125
261.38671875
261.474609375
261.5625
261.650390625
261.73828125
261.826171875
261.9140625
262.001953125
262.08984375
262.177734375
262.265625
262.353515625
262.44140625
262.529296875
262.6171875
262.705078125
262.79296875
262.880859375
262.96875
263.056640625
263.14453125
263.232421875
263.3203125
263.408203125
263.49609375
263.583984375
263.671875
263.759765625
263.84765625
263.935546875
264.0234375
264.111328125
264.19921875
264.287109375
264.375
264.462890625
264.55078125
264.638671875
264.7265625
264.814453125
264.90234375
264.990234375
265.078125
265.166015625
265.25390625
265.341796875
265.4296875
265.517578125
265.60546875
265.693359375
265.78125
265.869140625
265.95703125
266.044921875
266.1328125
266.220703125
266.30859375
266.396484375
266.484375
266.572265625
266.66015625
266.748046875
266.8359375
266.923828125
267.01171875
267.099609375
267.1875
267.275390625
267.36328125
267.451171875
267.5390625
267.626953125
267.71484375
267.802734375
267.890625
267.978515625
268.06640625
268.154296875
268.2421875
268.330078125
268.41796875
268.505859375
268.59375
268.681640625
268.76953125
268.857421875
268.9453125
269.033203125
269.12109375
269.208984375
269.296875
269.384765625
269.47265625
269.560546875
269.6484375
269.736328125
269.82421875
269.912109375
270
270.087890625
270.17578125
270.263671875
270.3515625
270.439453125
270.52734375
270.615234375
270.703125
270.791015625
270.87890625
270.966796875
271.0546875
271.142578125
271.23046875
271.318359375
271.40625
271.494140625
271.58203125
271.669921875
271.7578125
271.845703125
271.93359375
272.021484375
272.109375
272.197265625
272.28515625
272.373046875
272.4609375
272.548828125
272.63671875
272.724609375
272.8125
272.900390625
272.98828125
273.076171875
273.1640625
273.251953125
273.33984375
273.427734375
273.515625
273.603515625
273.69140625
273.779296875
273.8671875
273.955078125
274.04296875
274.130859375
274.21875
274.306640625
274.39453125
274.482421875
274.5703125
274.658203125
274.74609375
274.833984375
274.921875
275.009765625
275.09765625
275.185546875
275.2734375
275.361328125
275.44921875
275.537109375
275.625
275.712890625
275.80078125
275.888671875
275.9765625
276.064453125
276.15234375
276.240234375
276.328125
276.416015625
276.50390625
276.591796875
276.6796875
276.767578125
276.85546875
276.943359375
277.03125
277.119140625
277.20703125
277.294921875
277.3828125
277.470703125
277.55859375
277.646484375
277.734375
277.822265625
277.91015625
277.998046875
278.0859375
278.173828125
278.26171875
278.349609375
278.4375
278.525390625
278.61328125
278.701171875
278.7890625
278.876953125
278.96484375
279.052734375
279.140625
279.228515625
279.31640625
279.404296875
279.4921875
279.580078125
279.66796875
279.755859375
279.84375
279.931640625
280.01953125
280.107421875
280.1953125
280.283203125
280.37109375
280.458984375
280.546875
280.634765625
280.72265625
280.810546875
280.8984375
280.986328125
281.07421875
281.162109375
281.25
281.337890625
281.42578125
281.513671875
281.6015625
281.689453125
281.77734375
281.865234375
281.953125
282.041015625
282.12890625
282.216796875
282.3046875
282.392578125
282.48046875
282.568359375
282.65625
282.744140625
282.83203125
282.919921875
283.0078125
283.095703125
283.18359375
283.271484375
283.359375
283.447265625
283.53515625
283.623046875
283.7109375
283.798828125
283.88671875
283.974609375
284.0625
284.150390625
284.23828125
284.326171875
284.4140625
284.501953125
284.58984375
284.677734375
284.765625
284.853515625
284.94140625
285.029296875
285.1171875
285.205078125
285.29296875
285.380859375
285.46875
285.556640625
285.64453125
285.732421875
285.8203125
285.908203125
285.99609375
286.083984375
286.171875
286.259765625
286.34765625
286.435546875
286.5234375
286.611328125
286.69921875
286.787109375
286.875
286.962890625
287.05078125
287.138671875
287.2265625
287.314453125
287.40234375
287.490234375
287.578125
287.666015625
287.75390625
287.841796875
287.9296875
288.017578125
288.10546875
288.193359375
288.28125
288.369140625
288.45703125
288.544921875
288.6328125
288.720703125
288.80859375
288.896484375
288.984375
289.072265625
289.16015625
289.248046875
289.3359375
289.423828125
289.51171875
289.599609375
289.6875
289.775390625
289.86328125
289.951171875
290.0390625
290.126953125
290.21484375
290.302734375
290.390625
290.478515625
290.56640625
290.654296875
290.7421875
290.830078125
290.91796875
291.005859375
291.09375
291.181640625
291.26953125
291.357421875
291.4453125
291.533203125
291.62109375
291.708984375
291.796875
291.884765625
291.97265625
292.060546875
292.1484375
292.236328125
292.32421875
292.412109375
292.5
292.587890625
292.67578125
292.763671875
292.8515625
292.939453125
293.02734375
293.115234375
293.203125
293.291015625
293.37890625
293.466796875
293.5546875
293.642578125
293.73046875
293.818359375
293.90625
293.994140625
294.08203125
294.169921875
294.2578125
294.345703125
294.43359375
294.521484375
294.609375
294.697265625
294.78515625
294.873046875
294.9609375
295.048828125
295.13671875
295.224609375
295.3125
295.400390625
295.48828125
295.576171875
295.6640625
295.751953125
295.83984375
295.927734375
296.015625
296.103515625
296.19140625
296.279296875
296.3671875
296.455078125
296.54296875
296.630859375
296.71875
296.806640625
296.89453125
296.982421875
297.0703125
297.158203125
297.24609375
297.333984375
297.421875
297.509765625
297.59765625
297.685546875
297.7734375
297.861328125
297.94921875
298.037109375
298.125
298.212890625
298.30078125
298.388671875
298.4765625
298.564453125
298.65234375
298.740234375
298.828125
298.916015625
299.00390625
299.091796875
299.1796875
299.267578125
299.35546875
299.443359375
299.53125
299.619140625
299.70703125
299.794921875
299.8828125
299.970703125
300.05859375
300.146484375
300.234375
300.322265625
300.41015625
300.498046875
300.5859375
300.673828125
300.76171875
300.849609375
300.9375
301.025390625
301.11328125
301.201171875
301.2890625
301.376953125
301.46484375
301.552734375
301.640625
301.728515625
301.81640625
301.904296875
301.9921875
302.080078125
302.16796875
302.255859375
302.34375
302.431640625
302.51953125
302.607421875
302.6953125
302.783203125
302.87109375
302.958984375
303.046875
303.134765625
303.22265625
303.310546875
303.3984375
303.486328125
303.57421875
303.662109375
303.75
303.837890625
303.92578125
304.013671875
304.1015625
304.189453125
304.27734375
304.365234375
304.453125
304.541015625
304.62890625
304.716796875
304.8046875
304.892578125
304.98046875
305.068359375
305.15625
305.244140625
305.33203125
305.419921875
305.5078125
305.595703125
305.68359375
305.771484375
305.859375
305.947265625
306.03515625
306.123046875
306.2109375
306.298828125
306.38671875
306.474609375
306.5625
306.650390625
306.73828125
306.826171875
306.9140625
307.001953125
307.08984375
307.177734375
307.265625
307.353515625
307.44140625
307.529296875
307.6171875
307.705078125
307.79296875
307.880859375
307.96875
308.056640625
308.14453125
308.232421875
308.3203125
308.408203125
308.49609375
308.583984375
308.671875
308.759765625
308.84765625
308.935546875
309.0234375
309.111328125
309.19921875
309.287109375
309.375
309.462890625
309.55078125
309.638671875
309.7265625
309.814453125
309.90234375
309.990234375
310.078125
310.166015625
310.25390625
310.341796875
310.4296875
310.517578125
310.60546875
310.693359375
310.78125
310.869140625
310.95703125
311.044921875
311.1328125
311.220703125
311.30859375
311.396484375
311.484375
311.572265625
311.66015625
311.748046875
311.8359375
311.923828125
312.01171875
312.099609375
312.1875
312.275390625
312.36328125
312.451171875
312.5390625
312.626953125
312.71484375
312.802734375
312.890625
312.978515625
313.06640625
313.154296875
313.2421875
313.330078125
313.41796875
313.505859375
313.59375
313.681640625
313.76953125
313.857421875
313.9453125
314.033203125
314.12109375
314.208984375
314.296875
314.384765625
314.47265625
314.560546875
314.6484375
314.736328125
314.82421875
314.912109375
315.0
315.087890625
315.17578125
315.263671875
315.3515625
315.439453125
315.52734375
315.615234375
315.703125
315.791015625
315.87890625
315.966796875
316.0546875
316.142578125
316.23046875
316.318359375
316.40625
316.494140625
316.58203125
316.669921875
316.7578125
316.845703125
316.93359375
317.021484375
317.109375
317.197265625
317.28515625
317.373046875
317.4609375
317.548828125
317.63671875
317.724609375
317.8125
317.900390625
317.98828125
318.076171875
318.1640625
318.251953125
318.33984375
318.427734375
318.515625
318.603515625
318.69140625
318.779296875
318.8671875
318.955078125
319.04296875
319.130859375
319.21875
319.306640625
319.39453125
319.482421875
319.5703125
319.658203125
319.74609375
319.833984375
319.921875
320.009765625
320.09765625
320.185546875
320.2734375
320.361328125
320.44921875
320.537109375
320.625
320.712890625
320.80078125
320.888671875
320.9765625
321.064453125
321.15234375
321.240234375
321.328125
321.416015625
321.50390625
321.591796875
321.6796875
321.767578125
321.85546875
321.943359375
322.03125
322.119140625
322.20703125
322.294921875
322.3828125
322.470703125
322.55859375
322.646484375
322.734375
322.822265625
322.91015625
322.998046875
323.0859375
323.173828125
323.26171875
323.349609375
323.4375
323.525390625
323.61328125
323.701171875
323.7890625
323.876953125
323.96484375
324.052734375
324.140625
324.228515625
324.31640625
324.404296875
324.4921875
324.580078125
324.66796875
324.755859375
324.84375
324.931640625
325.01953125
325.107421875
325.1953125
325.283203125
325.37109375
325.458984375
325.546875
325.634765625
325.72265625
325.810546875
325.8984375
325.986328125
326.07421875
326.162109375
326.25
326.337890625
326.42578125
326.513671875
326.6015625
326.689453125
326.77734375
326.865234375
326.953125
327.041015625
327.12890625
327.216796875
327.3046875
327.392578125
327.48046875
327.568359375
327.65625
327.744140625
327.83203125
327.919921875
328.0078125
328.095703125
328.18359375
328.271484375
328.359375
328.447265625
328.53515625
328.623046875
328.7109375
328.798828125
328.88671875
328.974609375
329.0625
329.150390625
329.23828125
329.326171875
329.4140625
329.501953125
329.58984375
329.677734375
329.765625
329.853515625
329.94140625
330.029296875
330.1171875
330.205078125
330.29296875
330.380859375
330.46875
330.556640625
330.64453125
330.732421875
330.8203125
330.908203125
330.99609375
331.083984375
331.171875
331.259765625
331.34765625
331.435546875
331.5234375
331.611328125
331.69921875
331.787109375
331.875
331.962890625
332.05078125
332.138671875
332.2265625
332.314453125
332.40234375
332.490234375
332.578125
332.666015625
332.75390625
332.841796875
332.9296875
333.017578125
333.10546875
333.193359375
333.28125
333.369140625
333.45703125
333.544921875
333.6328125
333.720703125
333.80859375
333.896484375
333.984375
334.072265625
334.16015625
334.248046875
334.3359375
334.423828125
334.51171875
334.599609375
334.6875
334.775390625
334.86328125
334.951171875
335.0390625
335.126953125
335.21484375
335.302734375
335.390625
335.478515625
335.56640625
335.654296875
335.7421875
335.830078125
335.91796875
336.005859375
336.09375
336.181640625
336.26953125
336.357421875
336.4453125
336.533203125
336.62109375
336.708984375
336.796875
336.884765625
336.97265625
337.060546875
337.1484375
337.236328125
337.32421875
337.412109375
337.5
337.587890625
337.67578125
337.763671875
337.8515625
337.939453125
338.02734375
338.115234375
338.203125
338.291015625
338.37890625
338.466796875
338.5546875
338.642578125
338.73046875
338.818359375
338.90625
338.994140625
339.08203125
339.169921875
339.2578125
339.345703125
339.43359375
339.521484375
339.609375
339.697265625
339.78515625
339.873046875
339.9609375
340.048828125
340.13671875
340.224609375
340.3125
340.400390625
340.48828125
340.576171875
340.6640625
340.751953125
340.83984375
340.927734375
341.015625
341.103515625
341.19140625
341.279296875
341.3671875
341.455078125
341.54296875
341.630859375
341.71875
341.806640625
341.89453125
341.982421875
342.0703125
342.158203125
342.24609375
342.333984375
342.421875
342.509765625
342.59765625
342.685546875
342.7734375
342.861328125
342.94921875
343.037109375
343.125
343.212890625
343.30078125
343.388671875
343.4765625
343.564453125
343.65234375
343.740234375
343.828125
343.916015625
344.00390625
344.091796875
344.1796875
344.267578125
344.35546875
344.443359375
344.53125
344.619140625
344.70703125
344.794921875
344.8828125
344.970703125
345.05859375
345.146484375
345.234375
345.322265625
345.41015625
345.498046875
345.5859375
345.673828125
345.76171875
345.849609375
345.9375
346.025390625
346.11328125
346.201171875
346.2890625
346.376953125
346.46484375
346.552734375
346.640625
346.728515625
346.81640625
346.904296875
346.9921875
347.080078125
347.16796875
347.255859375
347.34375
347.431640625
347.51953125
347.607421875
347.6953125
347.783203125
347.87109375
347.958984375
348.046875
348.134765625
348.22265625
348.310546875
348.3984375
348.486328125
348.57421875
348.662109375
348.75
348.837890625
348.92578125
349.013671875
349.1015625
349.189453125
349.27734375
349.365234375
349.453125
349.541015625
349.62890625
349.716796875
349.8046875
349.892578125
349.98046875
350.068359375
350.15625
350.244140625
350.33203125
350.419921875
350.5078125
350.595703125
350.68359375
350.771484375
350.859375
350.947265625
351.03515625
351.123046875
351.2109375
351.298828125
351.38671875
351.474609375
351.5625
351.650390625
351.73828125
351.826171875
351.9140625
352.001953125
352.08984375
352.177734375
352.265625
352.353515625
352.44140625
352.529296875
352.6171875
352.705078125
352.79296875
352.880859375
352.96875
353.056640625
353.14453125
353.232421875
353.3203125
353.408203125
353.49609375
353.583984375
353.671875
353.759765625
353.84765625
353.935546875
354.0234375
354.111328125
354.19921875
354.287109375
354.375
354.462890625
354.55078125
354.638671875
354.7265625
354.814453125
354.90234375
354.990234375
355.078125
355.166015625
355.25390625
355.341796875
355.4296875
355.517578125
355.60546875
355.693359375
355.78125
355.869140625
355.95703125
356.044921875
356.1328125
356.220703125
356.30859375
356.396484375
356.484375
356.572265625
356.66015625
356.748046875
356.8359375
356.923828125
357.01171875
357.099609375
357.1875
357.275390625
357.36328125
357.451171875
357.5390625
357.626953125
357.71484375
357.802734375
357.890625
357.978515625
358.06640625
358.154296875
358.2421875
358.330078125
358.41796875
358.505859375
358.59375
358.681640625
358.76953125
358.857421875
358.9453125
359.033203125
359.12109375
359.208984375
359.296875
359.384765625
359.47265625
359.560546875
359.6484375
359.736328125
359.82421875
359.912109375
